ro_data
72080
321900
540600
752960
964760
1173800
72880
282340
494460
703140
911800
1119680
19620
227320
435900
645320
853300
1064840
1273940
171780
378840
586260
794180
1004520
1212500
110100
318260
526002
733189
951320
1159960
57160
266480
473880
682340
890160
1105040
2280
209760
417700
624880
824460
1035060
1243155
142560
351640
558900
767320
975460
1183480
81280
288600
496300
706440
915260
1123840
22480
230480
439200
647400
855340
1063900
1271500
171400
379760
587880
795320
1003180
1210612
108060
315740
523460
731060
938900
1181610
80060
287900
495700
703840
912100
1120840
18520
226540
434880
643600
850520
1060260
1268940
166480
373640
604740
814220
1022360
1229800
127580
335120
543000
751360
959420
1166960
65820
275120
482920
690800
898620
1106660
4000
212292
420510
628240
837100
1044760
1252780
150240
358000
566480
776600
984840
1193480
91240
298640
506560
713500
921560
1130120
26980
235000
443320
651440
858746
1066260
1274260
171000
378540
588400
796438
1004520
1212380
110100
317480
433780
643620
852160
1060580
1268320
165460
374540
582860
791620
1001040
1208600
104900
313140
521500
731040
939500
1146700
43180
251340
458700
666060
874160
1082100
1290520
188380
397602
606200
813040
1020680
1228360
125800
333560
541840
749400
956840
1165540
62840
272720
481120
689160
897100
1106060
2760
210600
418620
626780
834582
1042270
1250840
148340
377280
586860
796100
1003700
1211960
108960
316820
525160
733700
941400
1149820
46840
256320
463920
671480
879000
1086962
1294340
191600
399980
607600
815720
1023280
1231180
128420
335600
543560
750900
959480
1167640
64880
272760
480580
688220
895900
1103380
1414
208580
416600
623940
831120
1041220
1249020
146100
353980
562284
770500
979420
1188120
33840
244380
453040
661160
869800
1077569
1285660
182680
391380
598760
805860
1013780
1221280
118320
327520
534970
743300
952680
1161140
57680
265960
473940
680720
888600
1099020
1306920
204240
412120
619700
828260
1035600
1243800
140880
348460
557200
766580
974820
1182220
79260
287240
495180
703320
910980
1119180
16800
224200
431660
639580
848080
1055500
21320
232820
442300
651360
860120
1067720
1275820
172940
381320
588520
813640
1022060
1230520
128460
336600
544980
752640
959840
1167500
64320
272100
480540
687940
895720
1103560
820
208380
415900
624500
832900
1040020
1248140
145238
352680
560840
768900
976800
1184220
81980
289406
497500
704940
913040
1121520
19200
226600
434460
642100
849920
943280
1156120
54660
263820
473460
681400
889884
1098280
1306000
203380
411200
619000
827680
1034640
1243600
140960
349620
557420
765720
974680
1182820
79900
287120
494700
702940
910260
1118420
15180
222620
430380
638100
846600
1054840
1262800
159400
366780
575140
783860
990700
1197320
94020
301800
510320
717900
925460
1132860
29220
239280
447360
655880
887400
1097080
1306260
204800
412300
620040
828620
1036720
1244740
142780
350120
558520
767160
975360
1184080
81380
288860
497220
704600
913160
1122020
18918
226100
434180
641444
848840
1056180
1263060
159120
366060
573920
781920
988600
1196860
93680
301560
508860
716140
923860
1131000
27660
235440
443900
652220
860180
1067520
1276940
173660
381900
556020
765100
974180
1181520
77560
285240
492500
700160
907360
1114580
11460
219740
427077
634220
841280
1048440
1256080
153240
361540
569060
777070
985340
1192380
89600
297420
504740
712180
920280
1128140
25700
233100
441360
649380
857540
1066280
1274240
171640
378980
588280
796660
1004095
1211960
108760
316960
524280
732000
939801
1147900
44560
253480
347820
556980
764840
972320
1180340
78560
286500
494960
705200
913200
1120800
17160
225380
434120
641420
848580
1056242
1263760
160820
368440
575980
784840
992540
1200740
98120
305500
513360
720100
927360
1134420
31460
239220
446720
654500
862014
1069980
1277520
174960
382400
590504
797820
1005340
1214000
110900
319040
526980
734640
942720
1149420
46440
160640
369940
578520
786340
993720
1201280
98200
305900
513920
722220
929620
1137020
33040
240540
448180
656880
864300
1071780
1280140
176440
383960
591880
800140
1022580
1231320
128340
336620
543040
751420
958760
1166400
63920
272760
480360
688540
896860
1104820
1480
209580
418020
625100
833720
1040600
1248280
145120
352620
560840
768800
977300
1184620
103080
312160
521320
728780
937560
1145940
43940
251220
458940
666560
874020
1082180
1290280
186700
393720
600940
808380
1017160
1224460
121780
329820
537620
744860
952200
1159500
56780
263420
470800
678720
886420
1094580
1301720
198800
406460
614120
821140
1028940
1236720
134220
342860
550580
758100
966740
1175580
72640
280400
490320
699120
907160
1077900
1288040
186560
395300
603500
811240
1018960
1227640
124160
332240
540440
748600
956320
1163680
60840
267880
476120
684640
891940
1099340
1307060
203884
411440
619940
827840
1036240
1244540
142040
349560
558220
766162
974560
1181880
79486
287520
495320
702640
910540
1117860
15100
223020
431620
639289
846580
1053900
1262020
159700
367600
575078
783320
990480
1198780
96280
303300
510900
717535
925200
1132500
29680
237320
444380
651680
858920
1066080
1273960
169900
376720
583760
790580
997520
1204740
100880
308540
516240
723120
930613
1137140
34040
241340
449197
659680
867540
1074320
1282620
179620
387360
594340
802160
1009800
1217620
114360
321420
528800
735980
943662
1152060
49180
256880
464780
685200
894604
1103500
900
209560
417660
626120
834820
1042880
1250500
148280
356198
564480
771600
980480
1188160
84860
292200
499660
707600
915320
1123480
20940
228980
436640
645380
854780
1062720
1270380
168520
377160
584000
791460
998960
1207040
104020
311540
519140
726980
934420
1142140
39020
246240
454620
662500
869940
1077580
1284860
181100
389340
597060
805620
1013349
1221060
118800
326400
534300
742160
951218
1159260
55760
263640
470680
678220
886160
1094280
1302020
198400
406040
613980
821700
1029400
1237140
134680
357940
566120
774200
982880
1189718
86700
295000
502660
710084
918300
1126100
22640
230680
438800
647540
855480
1063540
1272400
169900
377360
585600
794100
1002180
1210340
107200
293160
502340
710800
918940
1127060
24460
232720
440880
648980
856900
1064840
1272660
169780
377860
585640
793660
1001120
1208720
105100
312180
519540
727620
934760
1141900
39460
247720
454940
663260
872160
1079900
1287760
184320
391300
599300
806800
1014020
1221557
118100
326060
533320
740700
948160
1155260
52500
260240
468800
676080
883500
1091780
1300660
86460
294830
502640
711240
919000
1127220
24240
232060
439620
647140
853940
1062260
1270500
167860
376360
584240
791900
1000220
1207900
105240
312940
520880
728960
937940
1146040
43260
251240
459900
667940
876960
1084580
1292240
189200
396900
604900
812400
1019820
1227380
123580
330533
538040
746120
953220
1161240
58340
266240
474140
681940
889900
1097800
1212640
111540
320080
528180
735920
943280
1150960
48220
256620
463840
671800
879540
1086720
1294660
191640
399660
607220
814580
1023560
1231798
128320
335280
543640
750800
958400
1166440
62920
270520
477320
685720
894080
1102031
1310440
207320
415300
623167
831380
1039060
1247400
145300
352760
560040
767600
975780
1183280
80660
289040
496420
703400
910800
1051900
1264360
163260
371920
579540
788200
996100
1204900
103180
311060
519960
727940
935940
1144640
42140
250460
459080
667760
875760
1084560
1293540
190280
398242
606038
813600
1021540
1229880
128300
337180
545260
754400
962360
1170560
67580
275720
482860
690780
898400
1106660
4420
212360
419860
627660
835540
1044060
1251460
147580
370240
578600
809820
1019660
1227180
124560
331280
538780
746260
954180
1161860
58580
266040
473200
680860
888860
1097080
1305220
201620
408920
616200
823420
1030900
1239080
135360
342820
550220
757360
964740
1172420
69000
276160
484520
692680
900660
1108460
6100
213760
421300
628900
836660
1043800
1252300
150044
358420
566640
774480
982480
1189880
87740
295720
503700
621940
832160
1040580
1249360
145720
353720
561440
768884
977420
1185280
82900
290886
498180
705360
913320
1121320
18438
227160
434760
643120
850640
1058220
1265220
162320
369940
577820
785200
992440
1199760
96940
305320
513300
721020
929280
1136640
33602
241600
449500
657420
864480
1072420
1279620
177240
385320
592880
801000
1009520
1217880
114440
321780
414820
625720
833680
1041660
1249886
147320
355100
562120
769820
977540
1185700
83360
291140
668520
886140
1099440
1310120
210280
419800
628580
837520
1048700
1256480
153100
362060
570320
781020
988940
1197620
94720
303106
514160
722660
930680
1138600
35500
245340
453760
661540
869380
1076920
1285000
210960
420880
629240
837400
1045240
1253300
150140
360100
569440
777522
984160
1190880
87300
294600
502120
711440
919440
1126980
24580
232020
439780
648300
855580
1063160
1273940
171240
378700
586920
794680
1002720
1210500
107420
314420
521720
731740
939160
1147378
44220
251758
459140
667800
876760
1084340
1292300
188720
398261
606740
815100
1022700
1231510
38060
248280
456940
664060
871980
1080100
1287660
184940
394766
602980
810360
1018135
1227180
125460
333080
540300
748220
956500
1164940
62044
270400
477980
687940
896760
1104335
1980
209300
416900
623960
831920
1040160
1248640
145540
353834
561440
769320
977420
1185080
84000
291740
499720
707540
916080
1123820
21400
229440
437620
644800
853660
1062000
1292740
190620
400120
607620
815860
1024080
1234200
130581
338720
546760
755840
963200
1171780
69380
277100
485300
693760
901200
1109460
5980
213957
421060
629029
837480
1045880
1254560
154040
362140
570160
777800
986180
1194160
91140
299160
507140
715160
923180
1131600
28780
236962
445440
653040
861000
1068940
1276240
173400
380840
587960
797122
946580
1156280
54400
263060
470300
678860
886820
1094500
1302400
199340
407480
616060
823900
1031660
1239940
138020
345938
553700
761080
968080
1176140
72580
279920
488140
696240
906360
1113740
11140
219080
427000
635200
842800
1050820
1258295
155200
362560
570580
777620
984980
1191780
89500
297460
505260
712680
920240
1128000
25000
232940
440920
648340
744840
953560
1161940
61340
269720
478100
686380
895249
1103960
1440
209720
418760
625900
833500
1041140
1248320
145100
353560
560880
769300
977180
1184800
81200
288520
495500
704380
912420
1119280
16000
222360
430540
638278
846500
1054080
1261520
160840
368380
575950
783460
991260
1198940
95960
304080
512600
720480
928460
1136320
33140
241000
449240
554540
764160
972320
1180200
76520
284920
492620
700760
908600
1117100
14200
222920
430680
639240
847980
1054920
1261800
159240
367500
574720
781720
991440
1200020
96600
304600
512200
718980
926533
1134240
31500
239040
447475
655880
864320
1071800
1280140
177600
386200
593640
801220
1008700
1215940
113400
320840
528720
736880
944540
1152162
48640
255958
351420
559798
767900
975500
1183580
81460
289460
496780
704460
912180
1119980
16660
226580
434940
643360
851960
1059620
1267460
164160
370920
578360
785820
994240
1201600
99620
308860
517160
724800
933000
1141780
39540
248540
456020
663380
871860
1080560
1288380
185720
392540
599920
806780
1014020
1220880
117700
324760
532580
740760
948360
1155815
52620
157520
365900
574300
783040
990440
1198060
96080
304280
513680
721420
929140
1136460
33940
241340
449060
656540
863580
1071100
1278460
175820
383060
590120
798740
1006720
1214400
112540
320660
528200
736000
943900
1152320
49420
257940
465440
673540
881760
1089760
1298480
195400
403380
611140
818620
1027240
1235400
133240
341740
549800
757840
965800
1173760
1260960
159580
366640
574000
781180
988320
1196080
93180
300940
510860
718660
926220
1133620
30320
238910
447040
654260
862940
1070400
1277860
175420
383480
592180
800040
1007880
1216660
113900
322540
530140
737760
946120
1154360
51600
258920
466740
673716
880220
1088400
1295800
193580
401440
609000
816640
1024440
1232820
129080
336620
544900
753000
960800
1076500
1286020
183580
392240
599640
807120
1014940
1222620
120340
328600
536160
744180
952480
1161000
58660
266340
474640
685060
892960
1101020
1309420
207560
415650
623300
830920
1039960
1246940
143800
352000
560360
768500
975580
1183400
80700
288640
496560
704000
912220
1120340
17780
225140
433240
641520
849140
1056260
1263900
160960
368880
575500
783700
1012420
1221320
118380
326220
534740
742940
950240
1158520
55580
263500
470460
678240
886100
1093760
1300960
197920
405720
612580
820320
1027240
1235000
132140
339300
547200
755000
961680
1169360
66000
273500
481140
688200
896240
1106880
4760
212220
419660
626720
834020
1041960
1249120
146020
354600
561725
769860
977220
1184600
81040
288680
496140
680380
889600
1097600
1305220
202040
409980
618120
826040
1035000
1243820
141640
349100
556940
765220
972480
1179380
76700
283620
491160
699280
906820
1116260
13500
220980
428960
636940
844700
1052380
1259840
157180
365540
572600
780360
988440
1196820
93540
300600
508040
715500
923820
1131160
27480
235840
443680
651800
859520
1067460
1275800
172560
381320
468300
679900
887720
1095180
1303600
200740
408420
618260
825460
1032660
1240500
136640
344283
551820
758900
965960
1173140
69820
277280
484960
692460
899620
1107540
4780
211720
418540
625800
833300
1040960
1248420
145220
352900
560560
768720
977620
1185180
82520
291120
498768
706560
914440
1122620
19460
227700
435340
643362
851600
1058280
1266240
162440
283340
492880
700600
908200
1116100
14200
222080
429900
637720
845360
1052360
1261060
157720
365840
573800
782200
990100
1197260
93740
301340
509340
716900
924020
1131800
28860
236300
445040
652340
860220
1067600
1275080
171920
380260
587640
795160
1002700
1210058
106680
314140
524280
732060
939960
1147640
44760
251980
459600
666780
874120
1082460
1289940
72320
282320
490261
697380
905700
1113280
9580
217360
424640
632780
841160
1048800
1256820
153320
361660
571120
779600
986740
1194340
91720
299160
507920
716580
924340
1131240
28080
235900
443400
652000
859660
1067160
1274680
171440
379020
587440
795840
1003620
1212300
108800
316940
525140
732520
940600
1148760
46140
253380
461300
668580
875940
1083440
1199020
98340
306460
514180
721760
929560
1137240
34760
242420
449780
657900
866020
1073720
1281880
179680
386700
594560
801220
1008180
1215140
111680
318900
525680
733180
940540
1147940
44920
253020
460620
668420
876020
1083420
1294300
192400
399780
607500
815598
1023400
1231220
128840
336740
544920
752004
960260
1167260
65240
273560
482540
690380
898160
994000
1202400
100400
308640
516280
724380
932160
1140524
37320
245820
452960
660840
868724
1076220
1284540
181380
388920
596580
804620
1013800
1222540
120160
327260
535200
743141
950420
1158780
56437
264280
471780
679200
886940
1094135
1302420
199320
406440
614246
821580
1030000
1238320
135660
342780
550480
757800
966020
1173260
71400
279820
487520
694860
800180
1008960
1216420
114588
322560
530380
738640
946460
1154480
50820
258780
466640
674740
882560
1090180
1298300
195380
403520
611560
819780
1028180
1235780
133160
340680
547900
756160
964460
1172000
69160
276660
484260
691720
899180
1107140
3720
211260
419320
629340
836800
1045180
1252357
149600
356920
564140
771920
979140
1186440
83500
291040
499480
595720
804860
1012280
1220380
117060
325060
533580
741556
949080
1156340
54440
262700
471360
679440
887600
1095480
1303700
200660
408420
616060
823520
1031080
1239200
136240
343400
552080
759680
967320
1175560
71640
279300
486740
695125
902220
1109800
5860
213960
421846
629980
837540
1044920
1252720
149640
356918
564120
771780
979240
1187280
84180
291558
408420
619180
827280
1035500
1243300
139580
347380
554980
762600
970360
1178240
74400
282180
489500
698340
906800
1115060
12380
220380
427140
634980
842480
1049920
1256180
152020
359400
566840
774880
982820
1189980
86960
294440
502920
710280
917020
1124420
22020
229960
437720
645740
854480
1062300
1270800
167540
375360
582960
791160
998460
1206100
102360
209220
418036
626640
834780
1045880
1254100
151800
358860
566240
774260
981860
1189620
87120
295240
502100
709740
917000
1124580
22560
230780
438520
646640
854780
1063000
1270380
166780
374080
581180
788418
996540
1204658
101520
309040
517060
725040
932020
1140160
37640
245620
453340
661000
869160
1077040
1285340
182640
390360
597780
805780
1013860
1221380
16200
225540
433520
641740
849560
1057100
1265400
161160
368740
576080
783318
990740
1198720
96420
303940
511680
719140
926540
1133420
31540
239320
447220
655520
864020
1071920
1279720
176660
384940
591900
799480
1007180
1215180
112700
320320
527680
735920
944280
1152660
50140
257940
465820
673900
882180
1089760
1297636
195600
403680
611400
819440
1027280
1169320
70300
279220
487980
696060
903520
1111520
8440
216880
424200
632480
840780
1049140
1256802
153460
361280
569480
777380
984400
1191760
958500
1179040
81100
290220
499972
709060
917077
1126380
25200
232802
441420
650300
858200
1068860
1277600
175460
384400
592880
802740
1011240
1219974
116980
325560
537042
745877
933960
1145160
43260
251400
464460
673280
881540
1089740
1297420
194160
401760
612100
820680
1028680
1237260
134580
342740
550200
758200
968200
1175173
72760
281618
489880
698020
905013
1112420
9740
219240
427140
635260
842940
1050020
1257910
155340
363140
572440
782260
994220
1202640
100360
308578
516300
724420
933180
1141620
39280
247120
454560
664220
896180
1106400
4880
212300
419680
627760
834760
1043105
1250600
147820
355380
562560
772660
980380
1187920
84820
293120
500600
709220
916600
1123860
21240
229240
436940
645300
852400
1062040
1270600
168020
376100
584420
792940
1000980
1208800
105280
313320
521480
729478
937340
1145060
41860
250140
460058
668438
875920
1083800
1291580
188120
395780
540500
750160
958540
1167180
64640
272580
480200
687293
895460
1103500
620
210740
419100
628040
836080
1043940
1251760
148280
357200
564820
773380
981280
1188800
85520
293020
500640
708400
916360
1124280
21560
228940
438820
646620
854160
1061440
1268660
165820
374840
582120
789980
997720
1205920
103460
311180
519340
727000
934620
1141960
39560
246580
473600
682260
889280
1099760
1307300
204700
413120
621520
829680
1037160
1245100
143000
350540
557740
764900
972900
1180940
78240
286500
494356
701700
909560
1116920
14600
222440
430400
638080
846118
1054240
1264000
160740
368480
575960
783060
990500
1199020
96140
304340
512160
719200
927520
1135400
32540
240200
447753
654830
862140
1069740
1277140
145580
355380
563300
771060
979720
1187860
85300
293000
503400
710940
918360
1125940
23140
230340
437880
645560
854200
1062360
1270540
167780
375700
583340
791080
998678
1206380
103700
312540
520440
729140
938060
1145620
43400
251400
459600
667800
876200
1083460
1291560
188740
396060
606740
813708
1022720
1230540
127400
335060
542500
750420
958120
1165620
83120
292340
499540
707300
914617
1122200
19440
226860
434060
643560
850920
1058900
1266460
163640
372900
580600
788280
996040
1204342
101240
309480
517320
725300
933140
1141280
38280
248140
454780
663560
870960
1079280
1287480
184398
392040
600820
809380
1017200
1225220
122320
331100
538840
746260
954360
1162300
59560
267580
474918
682840
891840
1063140
1272780
170160
378740
587020
794720
1002980
1210540
108100
316640
524800
733080
940820
1149160
46160
253580
461960
670080
880380
1088420
1296820
194600
403640
611580
819320
1027960
1235700
132720
341180
549680
757558
964700
1172440
69080
276740
485040
694405
901680
1109140
7040
215760
423341
631260
838860
1046600
1254520
151580
359080
567080
774940
1005280
1214460
111700
320060
527240
734560
942020
1149362
46420
253560
460858
668820
876160
1083420
1293680
191960
399760
606980
815320
1022660
1230220
126980
334120
541800
749140
956440
1164440
62040
269940
478220
686160
893880
1102940
1310280
207300
414100
621492
829360
1037720
1245860
142760
350840
558300
767500
975020
1183000
80180
287440
495480
668240
878040
1086520
1295020
193140
401260
609680
818220
1026060
1233720
131120
339640
547620
755460
964040
1171600
70460
279240
487700
696060
903298
1111200
8500
215640
423580
631300
839820
1047580
1255520
152100
360680
569620
777540
985460
1192900
89793
297480
505500
713940
921338
1129040
26400
233960
442300
650860
859380
1067300
1274920
171520
378660
607480
816100
1023900
1231420
129680
338100
546900
755380
962660
1169940
66560
274120
481960
689620
897120
1104860
1320
209700
418200
626540
833800
1041140
1248980
146060
356140
564780
772960
981634
1189860
86500
294320
501800
710240
917880
1125180
22440
230400
437760
644640
852820
1060360
1267960
165720
373480
580420
789320
996580
1203860
100520
271160
481220
690020
897360
1105040
2260
210000
418440
626680
834760
1043000
1251220
148140
355380
563560
770980
978720
1185680
82040
289540
497380
704740
912760
1120560
17540
224720
432920
641180
849480
1056780
1264620
161540
369900
578300
785980
994071
1201940
98880
304960
512420
722560
930980
1139180
36600
244140
451560
657820
865480
1074120
1281655
67800
276200
484700
692400
901180
1108760
5560
213500
422560
629820
838640
1046500
1253260
149620
357520
565640
774520
982743
1191000
87820
295398
503060
709900
918100
1126060
23840
232220
440060
647400
855180
1063240
1271240
169020
376780
585160
792300
999920
1207680
104440
312800
520780
728080
935960
1143640
40660
248640
456578
664160
872260
1080080
1185682
84080
292200
499800
706620
913740
1121540
18400
226160
434580
642880
850660
1058340
1266400
166500
374620
582640
790880
998440
1205620
103300
311360
518660
727220
934940
1143120
40980
249260
456980
664320
872660
1080680
1289120
186640
394260
602480
810502
1018038
1225880
123360
332080
540740
748540
956180
1163940
61740
269960
477455
684180
891900
1100121
1309300
206380
414960
622580
830620
1037820
1245780
143080
351720
559440
767720
975700
1183540
81660
289940
498420
706360
913440
1120860
17680
225180
432860
641000
848260
1056480
1263320
160340
368080
575260
783800
991540
1199200
95900
303520
511540
719440
926860
1134500
30920
238480
446500
653980
861080
1068860
1276540
175760
384200
592240
791320
1000940
1208760
104940
312520
519520
727380
934800
1143120
39660
247840
455640
663100
870940
1078200
1286260
183540
390620
598200
806680
1014220
1222360
119660
328060
536700
744140
951560
1158800
56340
263320
470640
678460
886320
1093380
1300740
198120
405740
613280
821360
1028840
1236000
133060
340660
548540
756160
963860
1172200
69680
277280
485120
588100
798400
1006200
1213760
110420
317860
526620
733900
942120
1150360
47260
254580
462540
670040
877580
1083640
1290780
187920
395380
602780
810300
1018380
1226400
123680
331780
539920
747780
955260
1162820
60900
268340
476880
685100
893120
1102040
1309280
206460
413760
621740
829960
1040080
1248280
145420
353780
562220
770260
977780
1185860
82760
290640
396580
605880
814720
1023120
1232180
129420
337680
546300
754400
962600
1171240
68680
276680
484560
692760
900260
1107560
4380
211560
419260
626400
834080
1042480
1250000
147220
355120
564280
772620
981200
1188740
85900
293720
501520
709120
916980
1125360
23060
231180
439240
647480
854560
1062620
1270620
167880
375880
583840
792549
1001520
1209800
106720
335780
544860
753580
961440
1169180
65800
273800
481420
689280
898060
1106180
4020
212280
420440
628620
835644
1043600
1251720
149360
356660
564100
772260
979640
1187420
84440
292360
500020
707820
915720
1122880
19380
226949
435340
642660
850420
1058380
1266200
163220
371560
579280
788100
996240
1203480
101240
308540
519020
727580
935620
1143720
1940
212140
421240
629620
837540
1045820
1253120
149860
357420
564780
772600
979520
1186480
83180
290460
499540
707480
915000
1122160
19160
226660
434820
642760
850720
1058820
1266840
164100
371560
580340
788340
996300
1204160
100980
309040
517000
725860
933620
1141700
38880
246420
454120
662120
869160
1077480
1284740
182040
389780
597560
805400
1013280
1109860
8620
217160
424880
633280
841680
1049200
1257360
154260
362780
570820
779200
987820
1194780
91080
298800
507040
714480
922180
1129540
26800
234600
441974
649880
857660
1065060
1272380
169020
377120
584880
792580
999980
1207000
103020
310960
518460
725920
933860
1141540
38380
245900
453760
661640
869180
1076900
1284200
181780
389240
597020
805400
920520
1130260
27740
235200
442520
650220
857900
1066840
1274680
171360
379360
587160
794340
1003940
1211800
108620
316900
523980
732000
939280
1147900
45240
252760
460440
668140
875620
1083540
1291020
188200
396320
603640
810760
1019020
1227440
124440
332100
540000
748080
955640
1163120
60720
268120
475520
682680
889440
1097500
1307180
203657
411160
619620
715081
923860
1131640
28220
235820
443160
651040
858541
1066196
1274040
171660
379640
587260
795000
1002880
1211240
108960
316720
523560
731020
938400
1146140
43340
251860
459820
667200
875040
1081900
1289800
186120
393820
602253
809740
1017769
1225420
122100
329380
536760
744800
953120
1161080
58280
266920
475240
682700
890400
1097900
1305840
202880
410280
525120
734380
942840
1150600
47920
255500
463400
671680
879540
1088160
1295920
193240
401920
610740
819220
1027887
1235660
132400
340100
548020
755540
962880
1170500
67600
275580
484280
693287
900720
1108620
782040
996364
1208540
106760
315760
524860
732520
940880
1150980
48540
255960
463560
670840
880695
1088760
1297040
193420
318840
530400
738220
946700
1154480
52300
261200
469420
677540
885140
1093880
1302640
204280
412560
621960
829860
1037560
1246100
144460
355060
563940
772020
980320
1188760
86100
294060
501420
712080
920000
1127480
24440
231240
437600
645200
852820
1061240
1271820
170160
378880
587580
795640
1003460
1212280
110288
318100
525760
735680
943980
1152234
49640
284860
493600
702200
911460
1119160
16540
224600
435280
643605
851420
1059640
1267500
164420
371800
579100
787620
996820
1204800
102820
310600
520900
728858
936720
1144440
41460
249300
457100
665520
872820
1081080
1289020
186000
394180
602420
812500
1020900
1229120
125960
334120
542160
749760
956780
1164960
61160
269240
476580
685220
893000
1100920
1280900
185260
394860
603240
811460
1020560
1229580
126480
334800
542724
750960
959200
1166940
64220
271920
480380
688460
897560
1106260
7320
215500
423920
631660
839100
1047100
1255140
152320
360580
568740
776020
983440
1191340
89180
296680
504740
712380
919500
1127260
24820
234820
443020
650280
857400
1065540
1273360
170560
378020
586000
792880
1020240
1229880
126560
334520
542538
750340
958240
1166080
63420
271538
479100
686340
896140
1104640
2160
209880
416920
624640
832280
1039420
1247000
145200
353060
561680
769740
978080
1186600
84220
292768
500580
708080
915620
1122960
20020
227000
434740
641960
849740
1059680
1268780
166020
373140
580498
787913
995760
1204120
100720
308660
516340
723800
846180
1055640
1264740
161980
370220
577840
786780
993740
1201860
99780
308080
516840
725180
933240
1140600
37100
246760
455220
663360
871500
1078940
1286440
183760
390380
599400
806595
1014240
1222320
119040
326700
533800
741260
948860
1156300
52600
260020
467720
674720
882800
1089620
1296920
193980
401540
609420
816920
1024060
1231240
128200
337300
544820
637760
845940
1053620
1261620
159000
365640
572760
779960
987020
1194240
90960
297460
505380
712204
920280
1127578
24000
231860
439240
646640
854360
1061860
1268820
166200
372720
579900
786780
995380
1203180
99440
306940
514280
721360
929300
1138820
35920
243122
451598
659140
867120
1075300
1283580
180220
387720
595440
801920
1008640
1215460
112160
319240
451840
661660
869200
1077100
1283980
180000
387040
594680
801580
1010020
1218660
115418
322700
530540
738360
946160
1154580
51440
259020
466918
674940
882840
1090880
1298640
195660
405820
614040
822260
1029260
1237840
134900
342940
551180
759180
966940
1175320
72860
280480
488300
695960
904040
1111900
9860
217900
425340
632940
840860
1049200
1257120
154520
363080
572220
780740
989320
1197260
94460
301680
510580
718240
926300
1134380
32000
239640
447100
655522
863000
1070840
1277920
175500
383960
593040
803564
1011820
1219200
116240
324560
532780
740660
948860
1155820
53440
261640
469180
676820
884700
1093160
1301340
197360
405220
612680
820340
1027560
1235280
132700
340340
547660
755180
963240
1171800
57300
267200
474780
683160
891140
1099020
1307240
204180
412300
620160
828040
1036400
1244900
142180
350040
558680
766500
974480
1181660
78740
286440
494740
702160
912160
1120700
18520
226360
434120
641920
849500
1056520
1263940
160460
368100
575640
783600
991580
1199680
97520
304360
512780
720200
928640
1136700
33740
241522
449700
657520
865040
1072240
1280420
178500
386920
594998
802480
1010160
1218260
114840
322260
530000
737520
945240
1152960
49720
257380
465560
672300
879700
1086300
1294340
192240
400242
607241
814560
1022460
1230040
126840
334180
542000
749980
957640
1167420
64520
272280
480080
688720
896940
1104540
1380
208549
416460
624422
832480
1040440
1248343
145640
353600
561360
768980
973460
1182940
80564
288540
495920
703120
910240
1117580
15220
222380
429900
638160
845740
1054200
1261765
159000
367680
575660
783640
991480
1198380
95040
302880
510000
717160
924500
1132000
28880
236900
445580
653480
860760
1067560
1274980
172400
379300
587240
795260
1002400
1209940
106780
313600
521160
729000
936760
1143820
40680
250500
459560
667000
772960
981120
1189780
87120
294640
501380
708940
916400
1123440
20080
227500
434720
642580
850320
1057420
1266040
163100
371140
578640
786820
993700
1201580
98580
305920
513000
719980
927560
1134600
32360
240360
447700
655420
862460
1069320
1277340
173460
380380
588680
796460
1004320
1211605
108600
316240
523640
730960
937820
1145996
42700
249780
457780
578780
787700
996040
1203560
101066
308320
515740
722400
930160
1137876
35060
243480
451120
658560
866440
1073466
1281680
179880
387540
596060
803602
1013900
1222220
120080
328260
536280
743580
951580
1159220
55860
264140
470860
677900
885880
1093200
1301140
198480
405900
613180
820580
1027640
1235200
132680
340520
547880
756080
964100
1171780
69020
275040
371360
579440
787680
994840
1202200
99800
308440
516500
724660
932940
1140400
37360
245420
453840
661700
869400
1077580
1285520
182680
389840
596660
803940
1010860
1218940
116020
323880
531420
738760
946120
1153900
50440
257560
464760
672220
879974
1086660
1293740
190420
398180
605340
812200
1019680
1227080
124360
331260
538140
745900
952940
1159660
56280
182200
391360
599540
809680
1018080
1225240
122760
330460
538320
747040
954720
1162926
60360
267820
474860
682780
890360
1098600
1306640
203940
411860
619780
828120
1036620
1243980
140560
348769
556400
764080
971880
1179700
76420
283940
491520
698820
907220
1115000
10960
218260
426420
633580
840760
1048240
1255900
152800
360760
568260
775820
983640
1192180
1289300
187160
396180
604840
812260
1020680
1227920
125020
333320
540580
747760
956160
1164240
60760
268700
476360
683840
891400
1099520
1306420
203900
410880
617640
825760
1033000
1240980
137870
345340
553300
760680
968900
1176280
74540
281700
489440
697140
904380
1112800
9660
217580
425080
633500
841420
1048860
1256500
153440
363820
571300
778720
986160
1100740
320
207820
414906
622380
829240
1037720
1245100
142140
349800
557680
765158
972740
1181340
78820
286580
494140
701440
910040
1116680
13320
220080
428280
636180
843180
1051220
1259160
156340
364320
572940
779620
987100
1194680
91660
299098
506540
714040
921280
1128920
25560
234162
441400
649440
857000
1064440
1272620
169620
376440
584060
792800
899380
1108080
4607
212520
420680
628280
836320
1043540
1251380
148260
355255
563340
770700
979040
1186580
84380
293120
500940
708500
916240
1123762
20120
227760
434960
643380
851460
1059680
1267900
164360
373160
580460
788420
996240
1203442
99800
307866
515060
722780
929980
1137340
34200
241480
449800
655920
863580
1071560
1279160
176340
383300
591680
703820
916880
1124060
20720
227434
435920
643360
850455
1057940
1266080
162020
369520
576080
783420
991200
1198440
95180
302500
509480
717320
924640
1131740
28120
235160
442280
649880
856720
1063620
1270660
168360
376080
583360
791500
998800
1206320
103000
310240
518040
725240
932900
1140540
36640
243920
452020
659620
867600
1075080
1282200
178740
385620
496560
705260
912800
1120580
17560
225460
432460
640120
847340
1054500
1262260
158540
365460
573160
781200
988100
1195640
92620
300020
507320
715180
923440
1130940
26940
235000
442740
651260
859140
1066700
1273340
170000
376740
584960
792940
1001020
1208900
105122
312660
520720
729260
936460
1143960
40460
248100
455660
663420
870520
1078000
1286480
184160
308800
517636
726140
934500
1142280
39080
246960
454540
660920
868240
1076160
1283560
180540
387680
595480
803080
1010140
1217800
117200
325100
531840
740200
948340
1156200
53160
260700
468080
675780
884020
1092460
1300080
197500
405580
613700
822280
1030380
1238320
134440
341960
549940
757640
965680
1173320
70420
278300
485820
693520
901540
1109660
7100
104480
313560
521260
729620
937820
1145540
42460
250880
458720
665800
873940
1082260
1289620
186900
394860
603140
810760
1018840
1227200
124320
332800
540780
748600
956300
1164500
61720
269080
476440
684380
891860
1100220
1308220
204480
411700
619340
827040
1034140
1242140
139100
347820
555700
763780
971920
1180920
78080
286300
494220
702460
910540
1118060
1225500
124820
333320
541340
748860
955520
1162900
59540
266802
475080
683520
890640
1098040
1305040
202060
410680
618220
826720
1034420
1242340
139500
347440
555340
762600
970620
1177680
74660
282880
491060
699540
907660
1115520
12360
994200
1209160
109800
319860
530360
738660
947040
1154562
53500
261260
470620
679100
886820
1020320
1230680
128800
337120
546100
756740
965282
1174800
72020
279520
488540
697000
905140
1112540
8680
215940
428160
637000
844540
1052080
1260080
157060
365220
575040
782700
989940
1197540
94320
302300
509720
716680
926280
1134040
31120
238642
446180
653720
861180
1069520
1276540
175640
384020
591600
799380
1007740
1215480
112580
320000
527400
735580
970340
1179540
77900
286480
494540
702240
910960
1118460
15820
223820
431560
640800
848720
1056660
1263860
162200
370040
577460
785180
993020
1200980
97780
305860
512860
723300
930840
1138380
35820
242860
450740
658440
865440
1072820
1280340
177640
386100
594100
802200
1012560
1221200
118180
325940
533200
741440
949280
1155920
53200
260680
468260
633780
843060
1051640
1259380
156080
366085
573400
781560
989000
1196760
94520
303040
511100
719800
926520
1133960
31400
239120
446580
654620
861720
1068722
1275980
175760
383640
591140
798980
1006440
1214500
110800
318620
526780
734080
942320
1150360
46860
254980
463300
670260
877520
1085380
1293480
192240
403760
612500
820540
1027140
1234240
132298
339660
570200
779800
987680
1195200
92360
300280
508520
716080
923900
1131320
28460
236080
443800
651260
858520
1068580
1277200
173640
382180
590100
798080
1005940
1214300
110500
319280
526700
734740
942540
1149860
46580
253280
460640
668800
877080
1085140
1291760
188440
395760
603580
811520
1018560
1227560
124000
331274
538660
746220
953820
1161440
59000
240400
450840
659682
868040
1075680
1283940
182140
390620
598600
806640
1015000
1223140
119860
328640
537840
745580
954160
1163080
60740
269700
480820
689360
896920
1104340
1300
209000
416820
625140
832820
1041060
1249180
147220
355960
563780
771240
979560
1187602
84600
292280
499540
708920
916780
1123780
21380
228740
436740
645200
853380
1060260
1267760
235720
446140
657020
865700
1074020
1282880
180540
387780
594680
802460
1010500
1218800
116720
324540
533140
741780
950100
1158762
56300
264620
471820
679580
888480
1095500
1302680
199700
407560
615080
822240
1029940
1237260
134660
342300
549620
758140
965800
1172560
69060
279220
487380
695360
903700
1112020
8740
216120
423440
631180
838700
1046120
1151980
50480
259320
467980
675060
882300
1090420
1298060
195820
404140
611660
819740
1028580
1236500
133440
340180
548660
756364
964000
1172400
69820
277280
484640
692260
900120
1107000
4160
212420
419900
627820
838180
1046420
1254640
152920
360080
567640
775200
982800
1190440
88500
296820
505280
713300
921740
1130200
27720
235800
443540
652040
859900
1092280
1300980
197900
405640
613220
820100
1027560
1234760
131540
338600
546420
753160
960780
1167300
63620
271020
479018
686160
894140
1101140
1309520
206980
414600
622480
829880
1037420
1247520
144975
353120
560820
768080
974940
1182500
79460
287340
494560
701760
909000
1116340
13524
220840
428120
634940
842700
1050560
1257980
155200
363020
571080
754820
964080
1171800
68765
276460
483880
691680
899292
1107060
4100
210740
418960
626500
834540
1042163
1249100
146340
354140
561960
770200
978620
1186260
82960
290500
498880
707300
915760
1123640
23720
231700
440271
648140
855740
1063658
1271500
168500
377280
585680
793420
1001240
1209080
106120
313560
521860
729580
937400
1145020
41640
249580
458320
667538
877140
1085540
1293560
190460
397960
605800
814140
1023060
1230800
128000
336520
544600
752800
960560
1168720
65920
274240
482080
689900
897660
1104960
2380
210120
417620
625200
833700
1042340
1249700
147100
356480
565200
772920
980880
1188600
85440
294960
503000
710780
918980
1127820
24740
233520
441620
649280
856440
1065020
1272940
169940
360180
569180
776540
985261
1193120
90160
297600
505380
713280
920840
1129680
26040
233700
441840
650180
857820
1066920
1274900
172180
380320
587660
795440
1003960
1211740
108893
317300
526040
733920
941360
1150080
47100
255480
463340
670980
878860
1086500
1294020
191080
398640
606360
813740
1020620
1229280
126480
333380
540220
747760
955780
1163760
60640
152000
363060
574480
782260
990140
1197180
93840
300920
508720
716400
923940
1131660
29400
237080
443760
651520
859400
1067220
1275500
172760
380480
588140
795580
1002920
1210720
107296
314760
522720
731220
939240
1146860
44880
252360
460380
667740
875240
1083080
1291260
188000
395580
603088
811640
1019380
1227580
124218
331440
538645
746180
954240
1161980
1276580
175680
383280
590460
798080
1005280
1212720
109920
317600
525480
732660
940140
1147860
45020
252380
459340
667540
875004
1082300
1289600
186520
394820
602440
810340
1018040
1225380
125380
332620
540200
748160
955780
1163080
60320
267960
476000
683060
890600
1098380
1306280
203320
410680
618960
826260
1033400
1241064
138240
346360
553960
761600
970080
1066420
1275020
173340
381340
589280
796700
1004820
1211860
108380
316120
524880
732580
939800
1147660
44018
251340
459220
666780
873720
1080900
1288720
185240
392200
599940
808220
1015520
1223600
120580
328060
535500
743040
950760
1157260
53360
261380
468660
676380
883140
1090440
1297680
195040
403380
610560
818400
1025680
1233540
130484
337520
545040
752880
877860
1088060
1297380
194160
401540
609360
816740
1023600
1233160
129460
336640
543620
751380
958940
1166448
63100
270980
477440
685140
892560
1100620
1308140
204740
411924
619202
826860
1033522
1241240
138600
345820
552846
759524
967080
1174180
71260
278660
484860
692220
899480
1107060
4420
211940
419080
626860
834340
1042100
1250080
147200
354760
562400
670160
879800
1088000
1296180
192980
400260
607400
815000
1022220
1230200
127320
335320
542460
749980
957600
1165960
62660
270360
477500
684580
892780
1101240
1308520
205020
413260
620740
828720
1036920
1244893
142100
349420
556800
763940
971880
1178880
76240
283540
491100
697960
905080
1113140
9820
216860
424340
632220
838980
1046020
1254080
151700
359640
479680
691340
899400
1107580
5100
212620
420480
628400
836380
1045240
1253440
150820
358960
566640
774380
982280
1190760
88900
296900
504620
712900
920640
1127480
23500
230860
438780
646620
855060
1062700
1269860
167340
375000
582620
789880
997540
1205140
101240
308700
516940
723840
931000
1138700
35620
244260
451640
658680
865860
1073500
1281860
179280
275000
484580
692640
900000
1107940
5060
212540
421600
629680
837520
1045280
1252760
150220
358300
566080
773080
980040
1187840
84854
292400
500120
707800
915020
1122020
18140
225600
433300
640460
848200
1056240
1263720
159860
366680
574380
782320
989860
1197240
94040
301580
509020
716720
924640
1132360
28780
236000
443040
652120
859360
1066760
1274980
84567
293180
501160
708480
916440
1124000
23440
231400
439680
647600
855693
1063800
1272780
169200
377360
586600
794358
1002840
1211580
109020
316860
525200
733820
941640
1149640
46540
254360
462260
669820
877400
1085200
1292300
189860
397920
605500
814360
1022260
1229260
127060
335060
542360
750420
957780
1165540
62140
269680
477260
684600
892780
1099860
1307740
206520
414770
622020
829660
1037580
1245600
143500
351580
559300
767240
974840
1182580
80160
287480
495140
702840
910960
1118360
15580
223400
431020
638900
846900
1054660
1261580
158240
365680
573460
780620
988760
1195660
93260
300220
507500
715100
922900
1131040
28060
235180
442000
649620
856220
1064040
1271640
168280
375540
582800
791000
1000360
1210300
107280
315120
522560
729700
936820
1144360
41160
249140
456560
663420
871560
1079220
1287900
184240
392000
598900
806247
1013920
1221320
118680
326020
533560
743760
951780
1158480
56040
263140
470480
678100
884840
1092660
1300380
197580
404420
612260
819860
1027900
1235340
132980
340460
547660
754880
962920
1171300
68400
276160
483260
690474
793260
1003380
1211000
107920
314740
522580
731078
939200
1146520
43620
251020
458260
665840
873960
1080700
1288320
185180
392980
600360
808460
1015460
1222700
119720
327220
535520
742500
950860
1159480
56926
264880
472920
681001
889260
1096240
1304500
202100
408880
616360
823840
1031260
1238500
135340
344820
552640
760300
967940
1175540
73520
280680
488660
603620
812720
1020400
1228340
125480
332520
540280
748000
954780
1162580
59340
267420
476100
684660
892980
1100440
1308420
204400
411720
620440
827800
1034940
1241780
138620
346620
554700
762720
971280
1179300
76400
284640
492880
700280
908040
1114680
11560
218380
1209760
115700
326860
537500
746620
956040
1164580
61840
269680
398080
607820
816240
1024960
1234140
131340
339080
547100
755400
965460
1174300
71830
279600
487120
695760
905200
1112480
10100
217340
425000
633100
845960
1052820
1261680
159480
367380
575640
784160
994600
1202460
100260
308280
516660
724600
933078
1141120
39580
247280
455740
663100
870805
1078380
1285620
182720
390340
600920
809540
1018780
1226880
124180
359100
568600
775980
984120
1191877
91560
300240
507020
714440
922520
1129860
26620
233940
441860
649920
857680
1067900
1276400
172680
381260
589100
796720
1004800
1213180
110380
319640
528020
736400
946460
1155140
51980
260560
469140
677160
885520
1093120
1301560
199120
407640
615640
823660
1032500
1243685
140485
348520
557440
765820
973440
1182020
11460
221040
429940
638480
846180
1054800
1263560
161060
369140
579320
786920
995240
1203840
101460
309500
517630
726480
934480
1143620
40860
248740
456080
663800
871840
1080340
1288700
187460
398240
606980
815780
1024100
1231780
128642
336700
545260
753360
962460
1170760
68080
276620
484300
693180
901400
1109200
7780
216280
424320
635440
844320
1052440
1283980
182700
390700
599740
807400
1015320
1223240
119400
327700
536340
743760
952180
1160380
58300
266040
473900
682580
890680
1099500
1307620
207680
415420
623280
831180
1038080
1246360
143320
351020
558960
766700
974100
1182700
79260
287560
495120
703080
910940
1118500
15540
223280
431120
638940
846900
1054800
1262900
162180
370900
578460
785920
927540
1137100
34080
241360
448940
656600
864400
1072040
1279500
176480
383840
591180
799480
1007040
1215480
112744
320598
528320
737400
945740
1154020
51560
259460
467600
674800
885200
1093280
1300360
197200
404920
611640
820860
1028920
1236940
134380
342380
550220
757580
965220
1173453
70720
278120
485200
692900
901020
1108580
5320
214580
422300
630280
838420
1048240
1255540
153160
361000
568500
776640
987160
1195800
93120
301600
509360
717240
925320
1133400
30320
238460
445740
653200
860800
1069800
1278640
175380
383560
591820
799600
1006720
1214620
111660
320000
527460
735960
943040
1151260
48320
255660
463180
670680
878840
1086720
1294180
191620
399602
609900
818040
1025602
1233500
130780
338500
531000
740973
949220
1157480
54960
262240
470046
677580
886120
1094460
1302100
198520
406760
614485
822160
1030520
1239420
136100
344340
552240
759440
967640
1176060
72960
280700
487940
695180
902180
1109820
6200
214040
421620
629660
837000
1046800
1256040
153740
361840
569980
778002
986300
1194100
91000
299620
507680
715960
925020
1134040
30900
239500
469420
680060
888500
1095460
1303140
200060
408020
616600
824800
1032684
1241040
138540
346660
554420
761880
968860
1176680
74276
282360
490440
698560
906580
1114840
12400
220840
429860
637780
846021
1053960
1261940
161720
369625
577840
786320
994285
1201380
98700
307400
515340
723860
931860
1139880
37020
244980
452680
661300
870260
1078320
1286160
172540
386000
595460
804000
1011800
1219960
117920
326938
535100
742920
951280
1158920
55540
263380
472460
680780
888940
1097300
1304620
201220
409540
618320
826680
1035540
1243380
140720
349020
557940
765200
973100
1181420
78280
286280
497120
705700
913720
1121380
18500
226580
434140
643140
850760
1057080
1265520
162880
370920
578640
786040
993760
1222722
122120
329800
537560
746220
954380
1161720
58160
266120
474200
682220
889460
1097700
1305040
202560
411820
619981
828540
1036200
1243700
140300
348080
556940
765220
973240
1181220
78100
286360
494380
702140
909940
1118220
15540
223020
431080
638760
845940
1054040
1261400
158880
367280
575440
784880
992420
1199920
96460
304240
512060
720420
928760
1055120
1265180
163280
371160
579720
787780
996800
1204700
102260
310860
518020
725400
933660
1141620
38360
246120
454660
662940
870200
1078320
1286800
183760
391400
599020
806080
1014520
1222220
118960
325800
533200
741480
949040
1158180
55680
264236
472400
679960
887720
1095380
1303140
200640
408600
616140
824020
1031440
1239360
136320
344780
552820
759760
967500
1176620
74520
282840
491380
699360
906940
1117540
15800
223420
431360
639160
847557
1055716
1263120
159920
367460
575600
783760
991380
1199400
96600
304040
511382
719180
927660
1135540
32860
240440
447760
655200
862601
1069860
1277960
175480
383500
590920
798780
1006460
1214040
111640
319460
527320
735340
943240
1150320
47340
255800
463960
661580
870840
1079400
1287780
184160
391040
598120
805220
1013085
1219960
117540
326380
535180
743380
951040
1158600
55900
262860
470840
678840
886100
1093700
1301720
199060
406800
614640
822220
1029600
1237040
134660
341900
552320
760220
968760
1176460
72720
280220
488240
695820
902780
1109760
6760
214480
422040
630120
838000
1045200
1252480
149900
357540
454440
662900
870940
1078060
1284800
181640
389360
597640
805020
1012440
1220980
117760
325760
533620
741620
948500
1156000
52200
260420
468540
676100
883260
1090600
1297820
194240
401040
609180
816800
1024000
1231180
127380
334420
542200
749820
957680
1165700
61600
269380
476500
683480
891440
1098780
1305660
203300
411480
619500
826800
1034880
1242240
139320
267160
477060
685480
895100
1103314
500
209620
416700
624180
831780
1040500
1248140
145700
353520
563340
772040
980660
1188520
85560
292660
500620
708440
917084
1124340
21020
228676
436740
643840
852260
1060460
1268460
164960
373360
582220
790600
999140
1207580
104480
311280
519100
726660
934940
1143400
40640
248540
455300
662180
870604
1078928
1287040
202840
412520
620460
827560
1035060
1242480
139080
347200
555020
763060
970480
1178800
75880
283140
490540
698940
907260
1115285
11800
219480
426560
634020
842060
1049060
1257360
154060
361180
569960
778220
986162
1194460
91020
298420
506160
713720
921140
1129320
26180
233140
441540
648600
856000
1063060
1270845
168060
376460
583860
791180
999120
1183800
82116
290740
498960
706220
914500
1122220
19320
229660
437340
644780
852340
1059720
1267240
163960
372320
580540
788620
995280
1203140
100578
309080
516280
723420
931680
1138800
35660
243740
451960
660520
869020
1076520
1284260
181800
390360
598320
806480
1014580
1222180
118700
326820
534780
741960
949060
1157249
54520
262120
469920
678320
886320
973978
1183240
80580
287760
495720
703260
911000
1119240
16580
224260
432740
640220
847220
1054880
1262240
160340
368260
576520
783940
992160
1200680
97760
306000
514400
721920
929740
1137033
34440
241480
449100
657400
865140
1072858
1281520
179100
386440
595260
803100
1010740
1219420
116420
324780
533520
740900
947980
1155960
53060
261740
469240
677420
793540
1002640
1211200
108920
316800
524800
732720
939580
1147780
44980
252560
460180
670040
878180
1086800
1295460
192800
400060
607880
815180
1022980
1231080
128320
336900
544840
752640
959720
1167220
64280
272000
480000
687840
897120
1104660
2580
210360
418220
625800
834480
1042760
1251100
148860
356340
564720
772260
980180
1188240
86020
293640
501860
730738
941460
1150420
47360
254700
462520
669729
877580
1086020
1294060
191209
398700
607060
815700
1024520
1232540
129580
337580
544240
752160
959860
1168320
65160
273340
480580
688400
895600
1104640
2038
210320
418160
625520
832960
1040180
1247380
144500
352960
560180
767720
974820
1182540
79260
287080
494600
701560
909140
1116520
13300
220680
397370
606380
814320
1022960
1231340
128840
336687
544520
751600
960280
1168480
66416
274900
482940
690540
898360
1106340
3980
210800
418760
626340
834240
1042000
1250500
147640
355340
563060
770340
977540
1186220
83600
293820
501380
709340
917660
1126000
22980
230760
437920
645460
853120
1060020
1267020
165060
372880
581280
789680
997900
1205140
101780
309720
519160
727220
935362
1143180
39474
247960
455140
662735
870460
1077160
1285680
181900
390180
599000
807280
1015780
1223540
120320
327900
535620
742900
950460
1157620
54736
262600
469724
678120
886120
1093400
1301740
199120
407480
615420
823520
1031400
1239480
136660
343602
551020
758880
965920
1173380
69900
277480
485940
693080
900880
1109200
4060
213200
421220
628980
837140
1044180
1251800
148580
356600
565500
773060
980820
1189120
86920
294480
502840
710560
918460
1126360
24100
231560
440580
649460
857400
1065660
1274180
171880
379460
587460
794600
1002700
1210300
108200
315940
524600
733060
940580
1148980
45520
253420
461720
669840
878116
1085780
1293380
190260
1115600
20300
232440
441320
651240
859660
1067380
1275340
173720
382380
591180
799240
1007160
1217120
115200
323040
530780
737840
947640
1156380
54700
262560
470420
681160
889120
1097460
1304360
201560
409480
621700
830100
1038060
1246600
143960
351660
559260
768560
976960
1184740
81480
288880
496440
704220
912500
1122440
19100
226860
435160
643684
851040
1084860
1293300
190300
400360
608700
817700
1026300
1234200
132220
340260
548880
757100
965300
1176400
74240
282180
490360
698900
906300
1113900
10760
218560
426460
635040
845580
1053702
1262760
160540
368920
576880
785280
993160
1202560
100740
308900
517140
724720
934480
1142620
39900
248240
456580
665180
873260
1081020
1289220
186540
395200
603240
726060
936020
1147740
45200
253700
462020
669060
876980
1084260
1292220
189300
397220
604760
812818
1020320
1228340
126740
334180
544560
753020
961520
1169620
67540
275680
483360
691300
899540
1107200
4840
213260
420980
629020
837240
1045540
1253100
150860
361700
570680
778898
987380
1195740
92920
301540
509820
719080
927580
1135640
33360
241140
448940
681260
890240
1098340
1306160
204780
413200
623520
831940
1039620
1247600
144960
352420
560360
768100
974160
1181120
78400
286340
494660
702700
911120
1118900
16960
224940
433340
641180
849060
1057560
1267740
164620
372740
581700
790320
998660
1206800
103400
311460
519340
726740
934980
1143000
40680
249100
457420
665540
873080
1081500
1289320
186540
331720
540520
749340
957060
1164732
64260
272160
479820
688720
897200
1105360
2860
210720
418740
627140
834960
1042680
1250100
146900
354920
562400
771060
978740
1186160
83660
292040
499860
706680
914420
1122740
19240
227340
435020
645740
855560
1063360
1270980
168840
376200
583760
792280
1000720
1208860
106120
313820
521600
729180
937440
1145200
41500
269520
478360
687260
894680
1102000
1309880
206338
414680
622980
830560
1038180
1246000
143200
351600
559020
769960
978320
1186920
82740
291120
498940
706160
913120
1121980
19300
227280
434640
642180
849480
1057100
1265040
161960
369000
577120
785080
993300
1200560
97560
305780
513720
720820
928660
1136260
32740
241280
448860
657560
865660
1074500
1250154
148740
360020
568700
776560
984460
1191720
88380
295240
503380
711460
918600
1126860
24240
232040
439380
646680
853920
1062500
1270678
168460
375540
582820
790160
997940
1205880
103860
312240
520380
728040
936360
1143740
41540
249420
456860
665060
873520
1081700
1289840
187540
395580
603740
811398
1021880
1230400
127760
336260
544680
753200
960720
1189720
87820
297100
505540
712900
920780
1128840
26700
234400
442420
650460
858560
1066380
1274840
172520
381300
588040
795840
1003720
1212200
109520
317150
525320
732460
940100
1148380
45400
253100
462140
670240
878560
1086540
1294560
192480
400780
608780
816480
1025140
1233380
132780
341160
549920
758360
966986
1175460
73320
281440
489480
697780
857380
1065700
1274240
171460
379130
587700
796320
1004100
1211798
108980
316722
525140
733140
940600
1148200
45900
254460
462580
671340
879720
1087980
1295580
192980
400645
609040
817260
1024500
1232760
129600
337800
546380
755260
963280
1170980
68160
275560
483500
691920
900200
1109240
6020
216240
424660
632400
840642
1049100
1257100
153780
361620
568920
798026
1007160
1216140
114460
322280
530680
739520
948340
1156080
53040
261140
469540
678220
886960
1094920
1303280
200760
408500
615980
824100
1032700
1240340
137540
344960
552860
760860
968400
1176040
73600
281420
490000
697360
904640
1113160
10620
218400
426520
635540
843700
1050760
1258960
157140
365640
574260
782080
990320
1198240
95440
303000
463860
673620
882640
1090020
1297940
194440
401580
609400
817240
1025380
1233820
131580
340880
548960
757500
966260
1174320
71400
279520
487680
694640
902220
1109100
5740
213260
421040
628220
836840
1044280
1252500
148742
357020
564980
772640
980520
1188960
85620
293800
501700
709420
916920
1125040
22160
230080
437680
645460
853300
1061380
1269940
166660
376700
587260
794920
1003078
1211800
108140
316680
524420
732280
939800
1147380
45100
252964
460840
668220
879040
1087260
1295340
192560
400680
607560
814940
1022680
1229680
126500
334800
542560
749940
957440
1165080
61980
269140
476440
683820
892360
1099680
1307200
203900
411840
619620
827740
1035560
1243880
139780
348100
556520
763980
971040
1179120
67940
277300
485880
694480
902140
1110100
7700
215700
423780
631922
840220
1048240
1256580
153320
360960
568840
777160
985440
1193800
90660
298220
505640
713640
921386
1129200
26200
234760
442858
651020
859480
1067096
1274460
170687
378369
585720
793020
1000760
1208380
105160
313660
523320
731160
939320
1146600
42500
250320
457820
665660
873460
1081280
1289600
187580
396480
604360
812920
1020560
1228140
125900
333620
541087
748720
956980
1165020
62720
271200
478620
687200
894980
1102680
1310700
207480
416220
624320
833200
1040940
1248596
146680
355160
562460
770020
978000
1186420
83340
290880
498680
706080
913880
1122040
18400
225960
434260
641780
849800
1057340
1264360
160960
368320
576080
784020
981120
1189940
87760
296360
503640
711500
919360
1126400
23580
230820
438840
646120
853940
1061740
1269100
166020
372880
579840
786440
993960
1201800
99060
306140
516500
724400
932140
1139600
36840
244400
452140
659880
867871
1076320
1284380
181720
389620
597200
805376
1013509
1220860
118060
325620
533180
742200
949520
1157780
54780
262100
469060
676220
783780
992580
1200560
97620
306180
514580
723463
931260
1139180
35960
243880
452100
660060
867800
1075600
1283240
180320
388180
596709
804540
1011940
1219020
116260
323820
531640
739980
947360
1155260
52460
260280
468400
675860
883340
1091074
1298460
195960
403960
612400
819980
1028060
1235640
133200
340533
547760
754980
962300
1169720
66920
274760
482960
588360
798280
1006280
1213460
110700
317860
524820
732300
939820
1148100
45300
253325
461040
668340
876360
1084140
1294380
191580
399340
607200
814840
1022300
1230060
127100
335500
542780
750340
957460
1165520
62500
269940
477360
684340
891780
1099640
1307680
204880
412700
620760
828400
1035680
1243880
141020
348700
556240
764120
971580
1178860
75000
282400
379880
588560
797080
1005320
1213940
111400
319080
527080
734820
942560
1150340
48200
256440
464500
672680
880180
1088540
1296220
193420
400800
609200
817380
1024560
1232220
128920
337080
545200
753400
961200
1168640
65320
273560
481880
688900
896160
1103960
1310700
207800
414757
622620
830120
1037820
1246140
143700
351940
560080
768120
975200
1182020
78900
191960
402580
611172
819920
1028040
1236660
133560
342120
549540
757020
965220
1172860
70580
277880
485220
693960
902160
1110444
7260
214800
423000
633680
842240
1049160
1257580
154120
362080
570100
778480
987500
1194680
91440
298760
505840
712480
919820
1127820
24860
232420
439520
648640
855660
1063700
1271920
169440
377220
585000
792400
1000820
1208860
107360
316300
522940
730460
937400
1144820
41860
249380
456580
664540
871940
1079260
1286640
183460
391040
598880
806678
1014960
1223020
119700
327060
535480
742660
950060
1157840
54800
262480
469540
677240
885500
1092680
1301300
198200
405820
614200
821860
1029940
1237600
135060
343080
550060
757220
964540
1172640
69800
277820
484960
691860
899680
1107180
5440
212940
419560
627540
835160
1043380
1250920
147640
355324
562600
770260
977780
1185700
82460
289960
497500
704620
912560
1120420
18380
226960
435040
642300
850040
1057320
1265260
162360
370220
578160
785620
992880
1200300
96720
305300
512160
719480
926620
1135180
34240
242300
449470
656700
864520
1071760
1279380
176480
384300
591700
799460
906260
1115080
12480
220540
428620
635900
843500
1050960
1259000
155060
363300
570240
778260
986580
1193640
90140
297620
505140
712200
919640
1127780
24140
232220
440380
648320
856280
1064580
1271940
168520
376000
583420
790840
997960
1205340
102040
309820
517800
725940
933200
1140960
38060
244860
452100
659720
866800
1074120
1281720
178600
386840
595020
713320
922420
1130060
27680
235460
441980
649640
857840
1065240
1272840
170060
377860
585780
793040
1002000
1210200
106440
313680
521520
728520
935800
1144200
41760
249958
457640
665500
873240
1080540
1288680
185500
393740
601720
809200
1017080
1224420
121820
330020
537840
745260
953180
1161420
58460
266640
474680
682820
891420
1099760
1307700
204740
412270
508180
717000
925060
598100
812340
1024800
1235400
135100
343980
552500
761080
971980
1179940
77220
285060
493020
703300
912000
1121160
18534
227220
437620
645860
854040
1063540
1271940
170820
379320
587280
795160
1003380
1211380
113180
322640
530500
738520
946820
1155860
52520
262460
469920
678368
885820
1093820
1301581
198800
319920
531300
739620
947580
1155980
53100
260600
468980
677320
885340
1094860
1303100
198920
407560
615840
823520
1032160
1241060
138180
345400
556340
765740
974060
1183213
81360
289280
497940
706540
914800
1123080
21260
231380
440260
648600
855980
1064940
1273220
170360
378480
586920
793940
1002660
1211480
109640
320100
528680
737140
945900
1154440
52040
283060
491200
698800
906700
1114420
11720
220120
427880
638160
846620
1053540
1261660
159560
367820
575620
783900
991420
1199380
96935
305300
511820
719560
927520
1135500
34800
242240
450940
657340
864860
1073060
1281060
177620
385920
594180
802438
1010320
1217420
114380
322460
530360
737160
944440
1153860
51614
259280
467280
675100
883420
1091200
1236760
135160
343360
551920
760440
968060
1176440
73640
281180
489580
697800
906660
1115180
14680
222600
430560
638520
846280
1054060
1261700
159202
367240
575960
783580
992420
1200460
97680
305820
513840
721540
929220
1137160
33320
241620
448620
658360
866020
1073520
1280900
178420
386402
594020
801320
1009280
1216180
112760
321440
528680
737340
945380
1172220
72320
279740
487120
695340
903920
1111920
8900
216780
424430
632780
843840
1051980
1259580
156840
364600
571780
780040
988400
1196340
93840
302040
510180
718680
928340
1136196
33320
240880
448120
655980
864040
1071960
1280360
177380
385440
593220
800600
1008960
1216480
115500
324000
531120
738160
945820
1153600
50640
258820
466260
673922
842560
1052621
1260420
156960
364420
571620
778960
987300
1194100
91200
298240
505820
713460
920980
1129720
26580
234280
441520
648660
856940
1064709
1272880
172100
379900
587360
795100
1002680
1211560
108660
316975
524600
732640
940480
1148100
45740
253500
460980
669080
876820
1084320
1292940
190680
399500
607380
816140
1023780
1232280
129560
336740
545400
637360
847120
1056020
1264600
162020
369680
577240
785460
995320
1203720
101520
309220
516880
725140
932660
1140780
38060
245240
452320
660260
867340
1075620
1283000
179734
387878
596300
804740
1013320
1220840
118180
326640
534100
742900
950562
1158500
55620
263960
472720
680740
889100
1097660
1305320
202680
411500
620100
827980
1036060
1243780
141180
351520
583560
793060
1001320
1209560
106180
315660
523440
732520
940320
1147920
45280
252720
460400
667760
876260
1083960
1292280
189520
397660
605520
813420
1020920
1228220
124700
332700
540260
748120
955540
1164020
61300
269520
478480
686060
894460
1101520
1309420
206540
414040
621460
829280
1037000
1244700
141360
348980
557260
767260
975740
1184020
81180
252900
462140
670620
878860
1087220
1294620
191160
399700
608920
816840
1024460
1232440
129760
337180
545040
753640
961560
1168680
65640
273220
481120
689540
897940
1104800
1800
209400
417000
625140
833220
1040660
1247500
144580
353060
559740
768140
976002
1183600
80440
287820
495240
702600
910260
1117980
15040
221880
429000
636840
847880
1056080
1263980
49560
258220
467280
674920
883420
1091320
1298860
196620
403360
611240
818740
1026180
1234180
132140
339260
547320
755080
961980
1170040
65940
273720
482060
690280
898540
1106140
2900
210284
418020
625860
833380
1041560
1249680
146880
354240
561800
768560
976820
1184960
82260
290100
498720
706340
914420
1122900
20260
227840
436160
645620
853560
1060860
1169120
67680
277360
486440
694560
904660
1112740
9840
217780
425440
633240
840980
1049160
1257760
155900
364900
572720
780220
988380
1196180
92540
299645
507420
715400
923200
1131060
29040
236940
444820
653440
861780
1070920
1277880
175300
383680
591880
800460
1008520
1216180
113500
321660
528520
736120
944038
1151320
47940
256140
463640
672040
880320
1108960
6620
214920
422820
630440
838960
1046600
1255420
152540
359520
567740
776082
983580
1191380
89160
297900
506440
714840
922280
1130340
30500
238160
445460
653100
860860
1069000
1276320
175000
383860
592060
800260
1007720
1215540
112560
320180
527620
736000
943400
1151300
48360
255780
463160
670300
877260
1084780
1292600
188860
396500
603420
773980
984340
1193020
89900
297120
505100
713020
920320
1128140
25180
232780
440400
647716
854940
1062340
1270420
168080
376320
584280
792080
999720
1206740
103620
311660
519180
726500
933580
1140600
37540
245040
451940
660260
868320
1075620
1283360
180840
388360
596180
803940
1011320
1218700
115600
323800
531800
739760
949980
1157880
54340
262180
469820
576240
785040
992800
1200560
97700
305200
513520
722060
930160
1137940
35940
243900
452280
659320
867780
1076720
1285060
182020
389880
596780
805280
1013360
1221280
119420
327320
535400
743120
951260
1158360
56260
263640
472000
680447
888600
1096420
1304060
201380
409380
617540
825640
1034360
1242360
139360
346120
554340
762660
971580
1179900
76660
283980
494720
705860
915380
1123340
20540
228760
436520
643500
850580
1058440
1266260
162380
370360
577940
784980
992860
1200160
97520
305240
513140
719860
927680
1136000
32760
240200
447240
655300
864920
1072480
1279880
177160
384340
592920
800480
1008880
1216960
113580
321800
528660
736350
944060
1151160
48100
255940
462880
670680
877900
1085560
1293500
185320
394780
603260
811080
1018660
1226380
123480
331100
539820
747420
955560
1164040
61060
269680
477860
686280
894580
1102480
1310215
206910
414740
621860
829360
1037280
1245080
142440
350040
557480
766060
973360
1181020
78180
285880
493620
700600
908440
1116440
12880
220857
428380
636060
843880
1051480
1259360
156260
363540
571720
780580
988080
1196360
1292600
189840
398080
607160
815340
1022860
1230660
127360
334240
542200
749660
957300
1165620
62940
270780
478680
686600
894640
1102160
1309840
208140
418240
626660
835340
1043420
1251840
148700
356357
563920
771660
978960
1187540
84100
291220
498040
705600
913460
1122060
19520
226740
434200
641860
849040
1056920
1264880
161580
368780
576120
783740
991400
1102900
980
210040
417200
625620
832680
1040380
1248280
144760
351860
559240
767140
974480
1181540
78420
285000
492080
700460
907920
1115420
12160
219680
426600
634480
842800
1051200
1259240
156860
363680
571640
778940
986060
1193140
89660
297320
504680
712300
919540
1127160
23840
231600
438980
646840
855040
1062960
1270760
167401
375480
582440
791140
898160
1107040
4660
213020
421800
629100
836200
1044160
1252020
149380
357600
564840
772160
980320
1188280
85040
292844
501040
707960
915820
1124080
21180
228320
436500
644440
851760
1061780
1270560
167980
375460
583460
791540
1000680
1207800
104760
313360
520720
727880
935040
1143300
40830
248520
456620
664000
871700
1080940
1288200
184900
393080
600882
707740
917600
1125380
22520
230480
438420
646560
854140
1061840
1270200
168260
376060
584160
791700
999500
1206980
104700
312300
519280
727660
935240
1142220
39460
247140
455100
662260
870060
1076720
1283680
180440
388460
595780
803940
1011420
1218940
116860
324900
533520
740260
948000
1156020
53140
261160
469500
677620
885800
1094000
1302280
199460
407800
503500
711580
919840
1127760
25100
232253
440160
647080
855080
1063280
1271720
169040
377100
586060
794000
1002400
1210360
107800
315520
523340
731400
939540
1147480
44800
253360
461480
669100
876920
1084260
1292460
189920
396920
604880
812500
1019900
1228080
125100
333180
540960
748940
957780
1165460
62700
272800
480900
688200
896260
1105120
3040
209900
312080
522560
731640
939420
1147840
44760
252780
460860
668880
876880
1084400
1292980
189860
398320
606080
814640
1022280
1229740
127200
334840
542980
750458
957880
1165840
63158
271401
478920
686160
894980
1103980
1220
208820
416300
623600
832120
1040300
1247980
144620
352080
559940
767580
975120
1182960
79800
287460
494960
703364
911200
1118520
15940
111680
320600
527556
736120
944100
1151820
48740
256500
464720
673040
880560
1087840
1295240
192180
399260
606780
814840
1022860
1229740
127180
334520
542700
750940
958800
1167300
64800
272920
481160
688600
896900
1105180
2740
210960
418580
626540
835620
1043300
1251600
148240
355600
562660
771340
979540
1187780
84320
292060
500080
708095
916300
1123280
1237800
136200
344680
553000
760640
968300
1177000
73940
1060860
1276560
176960
387400
595600
804620
1012580
1220900
117940
327180
535600
743260
951060
1160600
58460
267540
475940
684037
893140
1101380
1308880
205360
413860
621720
830880
1039060
1247800
146380
354600
562360
775440
984040
1191560
88760
297100
504980
713440
923840
1032340
1241320
139640
347500
555440
763800
971300
1181560
78720
286140
493880
701935
910700
1119620
16700
224160
433980
642160
849720
1057600
1265540
163362
370720
578840
787820
996080
1206220
103320
311060
519840
728120
935560
1144020
40500
248440
456660
665100
875420
1083400
1291820
189000
397200
605318
813920
1022240
1230940
128420
336680
544140
754220
990140
1199500
97700
306640
514820
722980
930860
1138600
35520
243720
451920
660000
868140
1078260
1286500
183500
392100
599620
807520
1015800
1223620
120820
329020
537340
745140
953580
1161740
58680
266300
476920
684980
892560
1100880
1308580
206400
414220
621880
829720
1038160
1246040
143980
351300
558860
766340
973960
1182440
79200
288800
496660
642480
852340
1061020
1268180
165200
373380
581640
789160
997100
1205020
102260
309160
516500
724020
931540
1139020
36000
243740
453740
662520
870760
1078740
1286700
183880
392220
599840
807460
1015500
1223500
121500
329660
537500
746320
954837
1162200
59000
266700
474240
681520
890220
1098120
1308060
205160
412320
619780
826700
1035020
1242560
139660
347860
556180
765460
974900
1182520
79660
286960
494920
703520
910980
1118840
15480
223240
430640
638180
846160
1054380
1265325
162140
370600
579460
787660
995600
1203600
101260
308940
517360
725200
932880
1140480
37620
245260
452700
660680
868280
1076620
1283880
180700
388240
596940
803620
1010860
1217940
114960
323200
530600
739540
946480
1153760
51080
248860
457880
665940
874000
1082460
1290300
187540
395340
603680
810940
1019040
1227160
124340
332600
540960
749340
957920
1166040
63420
271040
479160
687560
895660
1103760
860
209900
418280
627220
837020
1045420
1254040
150940
358360
566080
773720
981700
1189720
86360
294800
502882
710300
918540
1126700
24660
232300
439720
648160
856596
1064480
1271860
189540
398240
606320
815080
1023200
1231550
128820
336900
544320
751300
959000
1166440
63980
271180
482140
690500
898720
1107215
4460
213160
420720
628680
836480
1044520
1252020
148580
356340
564660
772080
979680
1187440
84660
292800
500580
709760
917280
1124940
23100
231900
440100
648340
857340
1064740
1272720
170100
379485
587220
795125
1003340
1163740
63720
271780
479820
688400
898482
1107680
5080
213220
422340
631040
839140
1046300
1254760
151900
359500
567640
775180
983000
1191260
88180
296840
505420
713620
921880
1129980
27180
235500
443020
651060
859080
1066760
1275180
172560
380000
588300
796560
1004000
1211740
109180
316620
524300
731762
939480
1146840
44460
251960
460200
667769
875780
1103880
4780
213333
420820
628500
836280
1044180
1253220
150000
358720
566580
775020
982460
1190360
87600
295180
502460
710580
918600
1126100
23420
231780
438780
646240
854940
1062160
1270580
168320
375800
584080
792200
1001140
1207580
104280
312180
520060
728260
936580
1145260
42860
251860
459700
667860
875860
1083620
1291380
188840
397060
604430
773840
983920
1191920
89540
299120
507680
715960
924280
1131680
28600
236960
445200
653600
861740
1070500
1278417
176117
385077
593020
801120
1009020
1216800
114220
322740
530980
739440
947380
1155420
52400
260220
468440
676920
885520
1092860
1301080
198580
406160
614200
822280
1030360
1239860
136760
344920
552680
760520
968540
1175760
72120
279360
487520
715860
924260
1133220
30980
239460
447960
655840
863080
1071060
1279100
175820
383620
593300
801660
1009120
1217140
115580
323480
531260
738800
946740
1154560
51220
259360
467620
676120
884140
1092080
1300100
198320
407180
614700
821800
1030340
1238460
135180
343848
551500
758900
967122
1175040
71880
279420
486920
693740
901440
1110200
7780
215100
380960
591080
799340
1007400
1216200
112940
321500
529700
737965
946360
1153700
51140
259180
467860
677160
884960
1093360
1301300
199380
408240
616860
824780
1032440
1240240
137580
345040
552880
760900
971525
1180080
77060
284720
492880
700680
909040
1116480
13440
220900
429000
636920
844540
1053034
1261300
158380
365840
574340
782580
990518
1198600
95980
329480
538320
746960
955360
1163480
60760
268960
477480
685247
893200
1101000
1308740
205500
413180
620960
828380
1035754
1244840
141660
349280
557020
764640
972460
1179560
76120
283400
491300
699540
907200
1114420
12140
219900
427133
635160
842940
1050660
1259220
156400
364560
571760
779820
987400
1194840
92020
299780
507500
714800
922520
1130580
1298860
197980
408120
615980
823660
1031800
1239580
136860
344060
552100
759820
967880
1174880
72540
279840
487440
695720
903360
1111120
8080
215100
422080
629160
836240
1043820
1251680
149440
356980
565320
773340
980480
1187100
83660
292220
500040
707580
914920
1122360
18440
226320
435280
643340
851540
1059460
1268160
165020
373600
581300
788237
995220
1092180
1299980
196620
403940
611340
818360
1025122
1232900
129820
338560
546140
754440
962520
1171140
67900
275020
482720
691160
898340
1106840
3580
211180
418660
626420
834100
1042580
1251140
147880
355640
562860
769660
977640
1185160
81480
289800
500060
707866
915480
1123300
21300
229260
436920
644220
852360
1060220
1268606
165740
372360
580580
788900
905500
1115860
12580
221120
429400
637300
845460
1053140
1261246
158480
366280
574540
783220
991560
1199900
97520
304480
511660
719700
927196
1134520
31060
239740
447000
654880
862120
1069200
1276540
173840
382080
589760
798200
1006560
1213880
110940
318820
526620
734220
942220
1149900
47100
255100
462760
670280
877878
1085180
1293020
190000
397480
605060
700320
909800
1118900
15620
222660
431120
639320
846640
1054920
1262520
160140
367980
575680
783540
991380
1200360
97580
305080
513600
721536
928540
1135700
32680
240800
448560
656440
864081
1071380
1282240
179620
388460
596220
803500
1011540
1219200
116140
324100
530640
737900
945340
1153020
49880
257540
465680
673960
881860
1088520
1296260
193480
400960
548020
760600
970000
1178700
76200
284300
492580
701360
910020
1118660
15980
223740
431360
640100
847680
1055580
1264280
161240
368240
576620
784360
991820
1199180
95860
303560
511380
719160
928020
1136540
34200
241640
449120
656560
864620
1072300
1280220
177300
384420
592000
799480
1007400
1214640
111440
318820
526460
733960
942280
1149940
47080
275660
486400
694524
902320
1110140
7360
215720
424500
632560
840280
1048060
1256340
153682
361300
568640
776100
983540
1190660
87240
294642
502680
710040
917780
1125840
22320
230260
437560
645300
852600
1060300
1268000
165440
373100
583280
791600
999540
1208240
105100
312860
520420
728400
936680
1143940
41060
248933
457380
666160
874220
1082320
1291040
117220
327680
536220
744660
952740
1160640
57080
264520
472360
680760
888780
1096180
1304960
202098
410100
617460
825900
1033900
1241320
138720
346200
554200
762220
969980
1177960
75200
282284
489760
697460
904780
1111960
9400
217500
425460
634000
841520
1048940
1257300
155620
363040
571420
778820
985860
1193860
91020
298880
506340
713660
921080
1128420
1221260
119040
327580
536060
744320
951800
1159040
57140
265460
472740
679520
887620
1095500
1303180
200234
408560
616360
823900
1031320
1238580
134720
343560
551840
759780
967660
1174720
71440
279060
486160
693640
901180
1109442
7320
215780
423520
632020
839260
1047540
1255881
152180
359820
567960
775780
984000
1192980
89520
297240
505680
712700
920160
1034440
1246560
143500
350800
559100
765980
973520
1181200
78640
286100
494613
702120
909200
1116240
12900
220900
428000
637040
844580
1052740
1260540
156980
363780
570240
777740
985220
1192180
88102
295640
503040
710780
917880
1125260
22160
229260
436500
643320
851360
1058620
1266180
162740
370500
578321
786760
994700
1202140
99240
306514
514900
723452
830700
1039580
1247700
144680
351340
559200
766000
973870
1181000
78180
285800
494200
700920
908380
1115900
12420
219717
427473
635640
843200
1050540
1257780
154540
361700
570700
778480
986080
1193940
90540
297800
505900
713220
920440
1127780
25260
233040
441460
649574
858300
1066280
1273880
170720
378240
585860
793420
1000520
1207900
104100
311240
518860
640200
849320
1058360
1267220
164380
372807
580800
788260
995800
1203340
100520
308500
516380
723900
931580
1139360
815420
1028900
1243260
142300
352680
561620
769540
978280
1188140
85880
293300
501660
709780
920080
1128490
26900
234860
442900
652940
861120
1070080
1278240
175560
385460
593018
800820
1009080
1216960
115380
328580
433920
644817
852880
1060880
1268020
165280
374400
582560
789700
997620
1205880
103560
311200
518680
727980
935880
1143720
41542
248580
456640
664180
872240
1080220
1290220
188420
396900
605660
813842
1021760
1229500
127000
334740
543100
753340
961400
1169880
67120
275860
484020
692380
900840
1108916
5820
213360
423260
631900
839880
1048600
1257080
154700
389380
598580
806980
1015240
1222000
119900
328500
539380
747680
955600
1163600
60500
268380
477280
685780
894240
1102120
520
208540
416695
624680
834900
1043960
1252160
149560
357400
566280
774660
982860
1191120
88600
296394
504880
713020
921500
1129860
27000
236840
445020
654180
862580
1070280
1278420
175380
383720
591520
800140
1008380
1216480
50720
261120
469540
678440
886640
1094520
1305100
202020
410100
618340
826740
1035020
1244180
141000
349320
557960
766860
975478
1184140
82342
290060
497880
705520
913840
1122200
19640
231160
439580
647700
856720
1065340
1273580
171000
379020
587000
793840
1001720
1210540
107840
315940
523280
730440
939400
1147240
44280
252960
461220
668900
878927
1087680
6260
214820
423500
631700
839520
1046940
1254980
151646
359740
567180
775520
982900
1190540
87680
295140
502740
709860
917360
1124020
21340
229020
437300
644818
853520
1064240
1272460
168900
376420
584260
792200
1000040
1207820
105200
312560
520220
727160
934600
1142600
39660
247920
455420
662760
870700
1078620
1286760
183900
392200
600440
807720
968540
1177380
74680
284565
493060
700860
908800
1116860
14700
222440
430940
639660
847680
1055220
1263560
160810
368320
576260
784860
992460
1200280
98420
305640
513480
721160
929900
1138720
35460
243240
451160
659360
867460
1075360
1282580
180960
391200
599060
807400
1015460
1223220
120160
326940
534240
741640
949580
1157060
54240
262280
470540
678140
906380
1115820
12940
220900
428920
637320
845700
1053140
1260900
157740
366000
573780
782240
990220
1198240
94820
302620
510060
718000
926300
1133980
33480
241800
449580
657600
864800
1072680
1280320
177760
385400
593200
800880
1007940
1215360
111180
318600
526000
733320
940440
1148460
45760
253300
461120
668640
876420
1084280
1292460
189520
397720
576080
784900
993380
1201540
98680
306540
514000
721360
929380
1137460
34740
242013
450280
660520
867940
1076180
1284400
180680
388000
596240
803640
1010760
1218480
115640
323540
531760
739360
946940
1154560
51480
259080
466320
674820
882460
1089900
1297880
194940
402640
611000
819220
1027538
1235762
132920
340840
549080
757820
965160
1172280
68800
276240
372240
581720
790280
998180
1205020
101260
309980
517720
725900
936418
1145020
42580
249940
457578
665560
873580
1081500
1289960
187720
395360
603340
812160
1019800
1229120
125780
333440
541080
748780
956900
1165140
61820
269800
477513
685280
892580
1100300
1307900
204820
413400
620980
829180
1038580
1246200
143420
351720
559640
767798
975040
1183040
80860
186040
395760
603920
811620
1019660
1228480
126164
334020
542880
750340
960120
1168980
66040
274247
481620
689060
896160
1103400
802
208680
416220
624400
832360
1039520
1248580
146040
354800
562940
770880
978360
1186160
82980
291180
499180
707260
915620
1123520
20240
227940
435060
643540
851560
1059720
1267640
165440
373160
581440
788920
997000
1204300
120360
329680
537620
745720
954060
1162540
59720
267560
475800
682580
889520
1097980
1305600
202800
410220
618200
825780
1032920
1243180
141080
348700
556640
764597
972820
1180780
77380
285346
493300
701000
908060
1115980
13380
221500
429980
638400
846720
1053640
1262520
160340
367940
576060
785040
993500
1200760
98140
307020
514400
722540
930640
1100470
1310380
207500
414820
622260
830720
1039434
1246400
143540
352220
559880
768660
977160
1184720
81680
290060
498080
706647
914060
1122400
19980
228320
436700
645180
852600
1060380
1267560
164600
372020
579780
788060
996500
1204620
102520
312820
521820
728620
936200
1143260
40340
248480
456440
664240
872320
1080760
1289060
186040
394240
602680
810380
1040580
1249600
147200
354980
562596
770220
978300
1185660
82900
290000
497400
706060
913540
1121460
18220
226180
433880
641560
849080
1056200
1264502
161380
368800
576180
785140
992480
1199920
96280
303660
511460
719320
926620
1133340
29840
237500
444980
651820
860160
1067180
1275180
172000
379140
588240
796580
1004000
1212080
108580
315620
523480
705360
915660
1123720
20920
229020
437120
645060
852520
1060660
1269900
167300
375340
582540
790160
999180
1207580
104500
312320
520560
728190
936120
1143640
41220
249240
456880
664095
871640
1079700
1286380
183360
390540
597900
804720
1012140
1219620
116860
324680
532640
739840
947580
1155620
53400
261220
469620
677000
884760
1092440
1300120
196000
403820
500220
709120
917000
1125540
22440
229440
436940
644780
852400
1059813
1267340
163880
371440
578640
786000
994320
1201600
98460
306740
514720
721880
928720
1138060
35180
242360
450480
658840
866700
1075660
1283560
180700
388240
596320
804800
1012940
1220980
117700
325420
532320
740160
947940
1157980
54820
262720
469716
677460
883820
1091754
1299620
196280
312400
522220
730380
938400
1145700
42760
251480
459140
666460
873840
1081440
1289700
186280
394620
601600
809380
1016640
1224760
121660
330160
537360
744880
952280
1159880
56080
263560
470860
677800
884540
1092300
1299820
195100
403580
610840
818360
1026100
1234340
130800
339080
546960
754280
961740
1169260
66020
273480
481920
689160
896340
1104320
1960
109280
318400
526800
734340
941640
1149040
45940
253840
461500
668720
875800
1082678
1291044
188100
396000
603960
812240
1020660
1228680
125080
332540
539880
748480
955540
1162840
60140
267260
474620
682100
889400
1097000
1303660
200440
407400
616940
824640
1032840
1240880
138040
346180
553540
761383
969380
1176600
74160
281820
488860
697460
905900
1113920
1230040
128820
337100
544460
752560
959820
1167900
65300
273500
481260
688740
896620
1104240
760
208860
417840
626120
833440
1040460
1247920
143860
351780
558980
766800
974720
1181980
78720
285840
493440
700880
908080
1116160
13020
220000
428420
636140
844720
1052620
1260320
157940
364882
572160
779720
988100
1195360
91660
298820
505680
712680
919360
1025460
1234980
131860
339340
546280
753680
961600
1170060
67100
274720
482760
690980
898760
1107020
4020
212420
420200
627900
835580
1043640
1251460
149420
357440
565300
773100
980360
1188540
85580
293580
501260
709200
916900
1124280
21640
229560
437280
644220
851360
1058300
1268676
165380
372660
580060
787540
995280
1202320
98700
306640
513740
721380
836640
1046560
1255240
152880
360500
567960
776100
983680
1192020
89260
296780
504660
712440
919720
1126920
23700
231680
439060
646540
853420
1061180
1268480
165447
374140
582040
789720
997380
1205818
103000
309920
517880
725800
934020
1141280
38640
245720
453000
660260
868300
1076280
1283460
180160
387720
595900
803440
1011040
1218700
116140
323880
532080
662580
874118
1083600
1291600
188620
396640
604620
812520
1020440
1228300
125760
333060
540720
749080
957320
1165200
62700
270460
477900
685700
893340
1100720
1307880
205160
412900
621200
827940
1034800
1243040
139760
347280
556040
763780
971040
1178580
75680
282760
490280
697560
905340
1113380
9972
217720
424960
633640
841420
1048700
1255900
151960
359480
593120
802240
1010375
1217420
114180
321460
531280
739420
947420
1154900
52180
260080
467620
675440
883460
1091020
1298540
195580
403340
610640
818380
1025360
1233580
131180
339140
546760
754700
962720
1169860
66620
275000
482640
690700
897980
1105540
2685
210280
417720
625160
833480
1042060
1249360
146340
354200
561000
769020
977340
1184920
82180
245860
454760
663520
871320
1079360
1287040
183280
390540
598100
805440
1013340
1221260
117880
325200
532402
740120
947180
1154620
52280
260020
467700
675400
883160
1092020
1299240
195420
402560
609800
817060
1024000
1232020
129620
337620
545020
752200
959800
1168000
65120
272080
480180
687520
895556
1103400
560
207820
415780
622880
830440
1037460
1246160
43320
252280
460120
667980
875380
1082980
1290540
187580
395700
603980
811300
1019500
1227160
124780
332480
539660
746560
953880
1162028
58722
266400
474500
165440
382760
593880
804100
1013160
1222600
119960
327740
535600
745040
953340
1161380
59780
269120
477000
684540
893200
1101100
1310360
208020
416720
624600
832580
1041220
1168120
67680
276358
483700
691165
899400
1112260
10460
218620
426320
634220
842680
1050540
1260940
158100
366300
573860
781280
989220
1196660
93735
304320
511780
719580
928060
1135840
33060
240822
448740
656540
867320
1075540
1283420
180140
388240
596740
804322
1012420
1220300
116704
326640
534400
742600
950520
1158220
55180
263080
471060
678760
887660
1120240
20640
228860
437780
645740
853993
1062460
1270660
167800
376060
585040
793800
1002500
1213040
110830
319820
528240
736680
944740
1152000
49880
257780
464660
672200
880860
1089020
1296780
196240
404160
612980
821020
1029800
1237920
135367
343300
551260
759140
967700
1175100
72400
280560
488640
696780
906440
1114400
12180
220760
428900
637440
774640
984560
1192920
90740
298320
506800
714640
922200
1129900
26320
234460
442120
651660
859680
1068069
1276240
173140
382140
589920
797280
1005160
1212880
109860
317762
525260
732940
940658
1149260
46940
254860
462660
670260
881040
1088880
1296800
193040
401040
608820
816480
1024047
1231680
129500
337240
544520
751900
959840
1168100
65020
272260
480060
706460
915780
1124060
21238
228680
439080
647180
855100
1063606
1271220
168820
376260
583800
791240
999180
1206820
103700
311960
519240
726080
934600
1142160
38780
246820
454780
662620
870900
1078520
1286480
183720
393860
602360
809320
1016840
1224140
120880
327706
535620
743320
950620
1157780
54900
262260
469941
678480
886480
1094020
1302260
200040
380640
589780
798040
1005780
1213500
110420
317720
525580
734280
942480
1152220
49600
257720
465440
673600
881780
1089420
1296940
192660
400440
607160
815500
1022860
1230780
128280
336440
543640
751260
958580
1166620
63580
271560
479620
686820
895300
1103860
360
209160
416880
624900
832640
1040380
1249780
147360
355420
563040
771660
979240
1187080
83500
170720
380340
588420
795480
1004140
1212480
109560
316520
524080
731340
939280
1147620
44820
252040
460020
668220
875820
1083640
1291900
189500
397760
605780
813740
1021900
1229800
127300
334760
542500
752500
960400
1168640
65920
273700
481300
689620
897080
1105240
2160
209720
417660
624960
832920
1040900
1249280
146500
354360
562220
769140
976940
1184980
1300522
199580
407980
617160
825020
1033480
1241800
139020
347060
555280
763140
971340
1178720
75760
283760
491540
699160
906960
1117120
15060
222920
430820
638820
847380
1055326
1264320
161880
370220
577840
785900
993840
1201080
98480
307080
514660
722800
930500
1138580
35980
243620
451380
659440
867740
1075160
1283160
180960
388340
596300
803680
1011160
1240560
138180
345600
553060
760620
969220
1177400
74162
282242
489900
697660
905100
1113000
10140
219420
427580
635000
842340
1051080
1258460
155020
362500
570000
778060
985900
1193420
90660
299300
506380
713640
920540
1129740
26220
233520
440460
648200
856480
1064240
1271620
168962
377520
585500
793620
1002320
1211240
108600
316820
524700
732280
906580
1116338
14060
222180
430540
639180
847220
1054640
1263660
160920
368640
577300
785160
992980
1200820
98540
306820
516860
725240
933260
1140880
38200
246100
454020
662840
870300
1078322
1284920
182440
390000
598000
805280
1012780
1220520
117520
325660
533480
741280
949100
1156600
54220
262200
469960
677940
885760
1094320
1302760
200600
408000
615800
844800
1053400
1261320
158720
367180
574860
782580
990520
1198680
95540
303340
511320
719660
927640
1135938
32800
240620
448420
656380
863960
1071080
1278260
174860
383260
591158
801000
1008640
1216320
113300
321460
528540
736180
943880
1151940
49080
256800
464980
672220
880120
1088300
1295440
192760
400580
608040
814980
1023020
1230700
127920
335580
513380
722860
931840
1140640
37940
245440
454140
662720
870600
1078240
1285660
182680
390180
598430
806038
1014760
1222540
119760
327920
536160
744620
952440
1160800
57420
264900
472420
680540
888420
1095720
1303200
200242
407660
615020
821940
1029710
1236260
132900
340780
548180
756240
964420
1173980
71920
280260
488320
696080
904840
1112760
9660
217360
305900
515280
723360
930320
1137834
35120
242180
449300
656980
865480
1073760
1281060
177120
384880
592720
800380
1007440
1214560
111840
319140
526340
734500
943140
1150040
47210
254000
461280
669200
877900
1085640
1293720
190960
399020
605920
813460
1021180
1228460
125980
332920
540520
748340
956480
1164160
61720
269800
476520
684060
892100
1100020
1307580
119160
329520
538680
746000
954320
1162460
59440
267500
476020
684200
891180
1099080
1306100
202880
413760
621860
829040
1036980
1244640
141420
348040
556440
763900
971680
1179540
76720
284460
491300
698540
906120
1113000
9920
218100
426080
632920
840760
1048518
1256480
153640
361560
569960
778020
985940
1193960
90940
298040
505700
713200
921740
1129960
1227160
124440
331760
539680
747560
954430
1162520
61160
268480
476300
683762
890640
1098540
1306180
203740
411700
618820
826120
1033760
1242120
140720
348760
556800
765080
972580
1180520
77460
284840
492320
699520
907060
1114300
11940
219500
427160
634580
842340
1049740
1257380
154160
361820
570180
777280
985600
1193000
90500
298500
508621
717340
924600
1036640
1246460
143100
350760
558740
766620
974580
1182820
79820
287880
495840
703240
910920
1118022
15300
223440
431300
637860
845080
1051940
1258960
155520
363100
570240
777900
985460
1192500
89400
297260
504300
711980
919420
1127220
24040
231440
439800
647040
854600
1062440
1270060
167140
376020
584100
791809
1000200
1207580
104680
312100
520280
728000
834760
1042720
1250040
146900
354900
562420
769420
977720
1185680
82500
290120
497880
706700
914800
1123120
19700
226540
433500
641300
848280
1056380
1263600
160960
368102
575900
783680
991540
1199318
95620
303100
510660
716840
923680
1131080
27720
234820
442660
651080
859540
1067580
1277340
175020
382060
589540
797400
1005000
1212620
110180
317340
525320
646960
857320
1065640
1273120
169220
376920
584520
792160
998980
1206440
103520
311820
520000
727340
936040
1144720
41380
248840
456780
663500
870320
1077860
1284680
181320
388820
597380
804880
1013060
1220720
117920
325620
533200
742080
950060
1158020
54280
261440
468960
676738
884640
1092660
1300120
196860
404840
612800
820740
1028880
1237060
133920
341340
447340
656060
864820
1072840
1281020
177960
385840
593480
800980
1007900
1216200
113000
321040
529640
738140
946780
1155060
52300
260100
467700
675360
882660
1090020
1297320
195060
402820
610250
817560
1025880
1234300
131060
338880
546020
753700
961360
1169120
66160
273540
481140
689420
897260
1105680
3160
211840
421080
628180
835740
1043280
1250600
147140
253320
463040
671180
879200
1087180
1294880
192900
401020
609058
816760
1024340
1232020
128620
337360
544540
752320
959498
1167720
64400
272940
480320
688300
895980
1105340
2880
212440
421440
629380
836520
1044000
1252300
149780
358400
567400
775560
983920
1191300
88600
296860
504080
712820
922140
1194280
788960
947460
1176920
85620
299280
513260
727080
940580
1153660
56960
269800
482620
695700
908600
1122600
24900
237360
449820
662120
874040
1087300
1301280
203280
416100
629100
841234
1054260
1266518
167960
379638
328720
904460
1061960
1280240
184340
398350
610560
823660
968300
1180720
84038
298320
512693
725940
938980
1151700
54360
268340
482200
695420
908560
1120240
22680
235700
448160
661420
874820
1087600
1301240
203500
416780
629860
518040
929380
1199240
38560
256500
470960
684360
908540
1122120
24340
235740
447940
660000
995400
1213020
115920
330300
541240
753460
966460
1179900
82820
295560
508100
721320
934520
1146140
46160
258820
471200
683520
896360
808140
76000
212620
431160
647080
861280
1073604
1287080
186100
398580
611093
823900
1036900
1250040
152740
364400
566460
781900
993460
1205800
108580
318840
532360
744180
955860
1169280
71780
283040
495480
708000
917740
1128500
37340
257340
474980
692260
907238
1121393
25060
245198
463060
682240
905240
1125720
34520
253520
472360
689260
905260
1122440
30920
250120
468280
684100
897260
1115360
45460
262320
476380
687620
897300
1107000
5560
215362
351160
562978
772480
981560
1191220
89620
298820
509620
719320
928220
1137620
35320
244000
452980
661780
871140
1080140
1290280
188780
397638
608620
818400
1027380
1250760
161320
345860
586480
810500
1029160
1244780
152040
370360
591980
809960
1034320
1259740
171220
391980
616520
836925
1054280
1270620
157900
379660
600280
821300
1038480
1253020
156860
380760
611620
827800
1040700
1251076
151720
376980
587180
798260
1008200
1219160
119520
330300
545318
754840
965860
1176980
76920
286960
496800
706720
919500
1128560
28200
236940
446000
655720
865420
1075300
1285440
187697
407720
628620
846960
1063780
1278880
180780
394780
615580
832660
1054280
1279740
196480
417160
635640
854060
1071640
1288380
193094
409400
629360
852060
1069980
1284920
188840
406700
632180
846360
1058420
1268880
168280
378720
589420
802340
1011880
1222620
121240
330889
540120
749880
959080
1167640
65940
275280
484560
694460
903580
1115140
14960
225120
433880
643900
853240
1061860
1271500
171001
386160
606500
825660
1056860
1273960
178320
393500
616560
833980
1047360
1266340
179840
399880
619213
838420
1056660
1272560
178940
395380
615740
836460
1053140
1267700
172620
391020
619520
833720
1046000
1256380
154420
365660
575500
786020
995480
1205240
104600
312960
521580
730500
940380
1149420
47960
258634
467100
676060
888800
1098380
1308040
206560
415480
624920
847340
1057300
1266220
164400
382840
601740
818260
1034060
1249320
152060
365920
585820
802260
1021960
1243620
154900
374360
597180
815700
1032340
1248540
154500
372740
592180
811800
1027800
1242080
150100
378220
594260
806000
1016140
1225520
124880
335120
544600
753660
963300
1173120
72300
281885
491360
704480
915100
1125440
23460
232600
441180
846880
1067320
1282440
183300
393480
604060
815000
1024120
1234500
144640
366975
585680
802160
1018700
1230320
134500
356200
573980
788400
1123660
39100
255140
465980
680200
888920
1097560
1306160
385920
670960
893500
1107380
7540
216280
425318
633720
931440
1156880
76000
292540
503740
712700
922660
1130800
28360
236500
483716
694860
904640
1112900
11280
219680
427380
635140
843400
1052040
1263620
161400
368900
577060
785420
994200
1201760
99520
307480
515480
723600
932120
1139660
36800
244880
453620
660140
867940
1076120
1284780
182380
389760
598640
806220
1014200
1222240
119540
328260
536340
743900
952260
1160080
57200
265980
474020
682460
892240
1100380
1308420
219720
428860
637280
845980
1053800
1262180
159820
367920
576200
783700
991480
1199620
97620
305700
513660
721720
930060
1137820
34780
242640
451000
658880
867480
1075800
1283820
181040
389120
596420
805200
1013780
1221440
117300
323940
532120
739880
947240
1155080
55700
263740
471100
678860
886100
1093660
1302400
199780
407660
616440
823860
1031960
1240660
24560
234000
443680
651480
859840
1067860
1275720
173300
381580
589400
797560
1006520
1214140
110880
318980
527020
734520
942240
1150200
46920
255460
463280
671280
879760
1087300
1294900
191000
399300
606700
814340
1022440
1230420
126760
337260
545900
754200
962580
1170840
68160
276600
485420
693557
901500
1109600
7800
216580
423720
631460
839400
1048140
1276080
173620
381420
590120
798520
1007060
1216040
113100
320540
528800
736380
945180
1153500
51380
259180
466860
674840
882300
1089820
1298380
195220
402920
611700
819040
1026840
1234820
131700
339580
547220
754560
962300
1169440
66280
274260
481960
691880
900180
1107640
4860
213120
420820
628780
836480
1044500
1251740
149000
356920
565720
774300
944040
1153460
52500
260020
468100
675860
883300
1090920
1298620
196180
403400
611400
818838
1025840
1233540
131160
338400
546164
753340
961360
1168900
65540
273720
481480
689200
896960
1104780
1260
208940
416920
624380
832580
1040100
1248240
144700
352620
561020
768520
976482
1183660
80760
289120
496560
704160
914980
1123120
19080
226780
434920
643615
736640
945536
1153180
50880
258660
466840
674660
882560
1089720
1297080
194180
401480
608560
817100
1024880
1232440
129760
337800
545540
753460
961320
1169600
66460
274000
481060
687940
895300
1102540
1310020
206660
414200
621960
829460
1036800
1244740
142080
349520
556840
764540
972580
1180680
77100
284580
492220
699720
907574
1115820
13820
221340
429440
548960
757840
966440
1173760
72140
280700
489060
696480
904120
1113620
10960
218240
425700
634520
841860
1049520
1257780
154640
362140
569460
776480
983920
1190960
88580
296880
505160
712600
920640
1128180
24740
231956
440240
647180
854680
1062500
1269440
166860
375000
583440
792000
999660
1207860
105720
313860
521980
729480
937280
1145020
42060
250160
342600
551120
758640
966480
1174480
71620
280000
488040
695480
903220
1111100
7973
215320
423920
631460
839500
1047280
1254900
151460
359320
567300
774680
981878
1189640
87160
294900
502860
711140
919094
1126880
23820
231760
441200
648380
856300
1063780
1271620
167620
375400
584040
791680
1000640
1208540
105380
313160
520880
728920
937000
1144220
40420
169120
378900
587400
795860
1003720
1211780
109460
317800
526320
735940
944140
1152380
49780
258140
467020
675980
884760
1092580
1301200
198400
405980
614200
822620
1030340
1238240
135042
343600
551460
760300
968700
1176340
73500
281640
489380
697640
904840
1112200
9360
217300
425640
633120
841575
1048620
1255800
152220
359420
566740
774860
982360
1190220
107760
316560
524980
733380
941820
1149660
46900
253980
461740
669260
877100
1085280
1293320
190080
397820
607980
816503
1023740
1231580
128260
335180
542680
750300
958120
1165500
61740
269920
476720
684560
891520
1099920
1307360
203362
411120
618740
826820
1034760
1242080
138540
346220
554720
762080
969320
1177760
75020
282720
490990
698560
906600
1132500
36600
246600
455080
663260
871080
1078880
1287860
185420
392520
600030
808780
1016800
1225540
122440
330500
537800
745660
953840
1161840
58320
266160
473280
681880
889560
1097920
1305682
203160
410560
618540
827040
1035685
1243040
139820
347160
554720
762600
969680
1177400
73660
281420
489460
696660
903560
1110764
7560
214560
422018
629800
851660
1060322
1267380
164940
372500
580840
788420
995860
1203760
100320
309980
518500
727360
935200
1141960
38200
245680
453100
659900
867340
1074800
1281860
178660
386600
594880
802180
1008780
1216700
114080
321640
529440
737680
944840
1151520
47620
255400
463660
671340
878920
1085860
1293840
189880
396760
604560
812240
1020340
1228060
125700
333000
541720
672840
881840
1090580
1298580
196520
404100
612040
819780
1026958
1234300
132080
339580
548440
756880
965020
1173600
70940
278160
487060
694180
901760
1109100
5520
213760
421860
630400
837860
1045500
1253380
150920
358882
566480
774800
982820
1190460
87980
295920
503980
712840
920760
1128760
25900
233340
440860
648200
855920
1064340
1272440
169160
376780
464980
673700
881920
1089380
1297200
194562
401880
609680
817558
1025820
1233760
130820
339040
547300
758300
966260
1173700
70660
278560
487200
695240
903180
1111040
7800
216360
425080
632640
840458
1048100
1255800
152880
360420
567380
775840
983240
1191100
88680
296460
503660
711220
919940
1127580
24040
231760
439680
646880
854960
1062480
1269820
166920
269740
478660
686500
894080
1101522
1309120
206380
413940
622640
830200
1037700
1245300
142260
350620
558240
766300
974060
1181580
78485
285680
493660
701560
908438
1116002
13240
221220
428340
635600
843920
1051840
1259640
156700
364380
572322
779920
988360
1195740
93160
301380
509700
718320
926300
1134420
32160
240080
447860
656020
863900
1071520
1278620
72510
280400
488404
696620
905420
1113500
10997
219240
427380
635800
844820
1053680
1261780
159000
366780
575020
782520
990540
1199500
97520
305812
513920
721420
928440
1135920
33300
241560
448980
656360
863840
1071980
1280200
180340
388540
596020
804760
1012620
1219560
116380
324220
531360
738560
946340
1153840
50720
259140
466760
675000
882280
1090240
1194100
92500
301600
510320
718480
926840
1135280
32400
239780
448380
657200
865820
1073900
1282340
179060
387200
594460
802200
1009500
1217260
114140
321100
528700
735645
942820
1151520
49240
257640
465980
674420
882460
1090940
1298880
195420
403000
610456
818480
1026400
1234120
130280
338420
545820
754020
961340
1169680
66880
274440
481880
690000
898180
990200
1198560
96000
303860
511980
720140
928460
1137360
34620
242480
450640
658800
866860
1074740
1282800
180880
388860
597120
804800
1012420
1219860
116860
324440
531740
739940
947740
1154520
51680
259540
466520
674440
882220
1090280
1297900
195380
403920
611200
819700
1026800
1235420
132260
339760
547980
614900
798340
1013260
1224140
125040
334420
543920
752400
963220
1172640
70000
279000
487660
698900
907360
1114823
12040
219300
430280
638880
847520
1056200
1265300
166000
373800
581780
789880
998500
1206660
111020
319680
527260
735640
943400
1151180
48180
258260
466480
674260
882880
1091460
1300040
197620
404700
615660
823920
1031860
1240020
136400
344880
570180
779520
988400
1199620
97080
304980
513200
721840
929460
1137000
34200
242240
450880
660900
870440
1079140
1287700
184840
392820
600118
807960
1016400
1223680
120960
330900
538932
747520
955540
1163380
60820
268820
477540
684620
893340
1101580
1309620
207020
417280
625500
833810
1042460
1250300
148040
356085
564198
772460
981600
1190000
87220
295120
409660
621520
829960
1038110
1245860
143480
351820
560660
769300
977680
1186500
84760
293400
502400
711180
919080
1126720
26600
235560
444100
651860
860400
1069260
1277240
175300
382800
590580
798400
1006660
1215100
112280
320740
528800
736600
944140
1155460
52820
260720
468540
676320
884060
1092720
1300600
198400
405960
614045
822180
1030080
1238560
135520
361320
570200
779040
988200
1196060
96140
304758
513180
722220
931020
1139300
37460
245600
454320
663460
871780
1079320
1287437
185780
394440
602640
810540
1019620
1228040
124080
332120
539940
749800
957580
1165400
62660
270600
478340
686020
893700
1101620
1308740
205320
412860
620120
828420
1035580
1243660
141120
348200
555640
763100
970600
1178700
7060
216360
424420
632600
842400
440800
665540
879300
1089660
1299000
196927
406180
615820
824700
1032400
1240760
138300
346240
554000
761100
969720
1177380
74380
282080
490160
697160
905400
1113960
12620
220760
429640
638300
849860
1058700
1267300
164900
372720
580960
788960
997220
1205500
103240
311660
519340
727220
935700
1151760
52380
260560
468260
676700
884360
1093320
1301660
198760
407880
616700
824560
1033720
1242409
140200
347580
556100
763280
973480
1182580
80820
289400
497600
706380
915100
1124440
21398
229700
436760
645320
853360
1061820
1270200
168820
377160
584960
792740
1000780
1210420
108060
315820
523360
730680
938160
1145740
42880
250460
458460
666213
896880
1108660
7300
215400
423520
634080
842620
1051660
1258960
155740
363820
571500
778480
986040
1193660
91620
299800
507280
714880
921940
1129420
26800
234200
441840
649820
857680
1065660
1273620
172080
380070
587380
795260
1002940
1210960
108220
316460
523900
731160
939300
1146580
44400
252660
460040
668120
876380
1084420
1294760
191840
400860
609180
811000
1024060
1234180
132220
341020
549380
757020
964920
1173640
71080
278740
486940
694900
903420
1111780
9100
216560
424880
633340
840340
1048460
1255720
152860
361000
568080
775820
982440
1189820
87440
294660
502320
710620
919120
1127020
24240
231160
439040
646840
853940
1062198
1270460
167920
378500
585980
793780
1001120
1208740
105740
313060
549320
758820
967760
1175560
72080
280980
488160
696180
903740
1111500
7300
215240
423060
630660
838920
1047060
1254400
150800
358340
565940
773060
980560
1187900
85780
293340
501180
708880
916380
1123720
21240
228600
436360
644380
851740
1059640
1267700
164840
372480
579920
787780
995880
1203640
100320
308400
517920
725880
934080
1141260
37540
245580
454560
664500
873240
1082100
1290440
187900
395980
604560
813180
1022360
1230400
128500
336680
544880
753100
961420
1169240
66200
274820
483238
691420
899980
1108260
5860
213440
421540
629920
837620
1045900
1253760
151840
359540
567740
775900
984100
1191580
88960
296560
505100
712420
920738
1129208
26320
234800
442500
650660
858920
1067560
1276140
150760
361840
571636
782580
990860
1199440
97300
305460
513660
721340
930180
1139100
37320
246160
455260
663460
872120
1080680
1289220
187400
395600
604440
813380
1021900
1230580
128360
337480
545720
753700
961940
1170480
67900
276580
485161
693800
901220
1109040
7320
215400
424380
633060
841660
1051120
1259800
157180
365100
573380
781480
990040
1198020
119420
328940
536980
745160
953480
1161540
58340
266660
474420
682320
891280
1099460
1307660
205580
414160
621780
830420
1038850
1249140
146460
354080
562140
770440
978460
1185300
83040
291440
500160
709060
916860
1125580
23600
231500
440360
648720
857160
1065260
1273340
170840
379040
587540
795620
1002300
1210140
107660
315180
522520
729860
937880
1075874
1285840
182920
390540
597880
805620
1012880
1220960
118040
326120
533360
741800
949700
1157940
55580
263860
471920
679980
888220
1095820
1304240
201660
410260
618720
826420
1033740
1241098
138660
346480
555120
762680
969290
1176360
73360
281400
488900
695780
903620
1112340
9820
218020
426400
634680
844940
1052520
1259980
156540
364940
572640
780480
1007600
1216260
113220
320380
527780
736380
944540
1152260
49360
256860
465640
673320
881300
1088260
1295860
192260
400220
607100
815640
1023340
1230920
127500
335640
543820
751700
959934
1167680
64240
271880
479680
688560
897420
1105320
2620
211000
418240
625480
832604
1040320
1247860
145440
352740
560480
768080
976900
1185040
82440
291160
497780
660160
868680
1076380
1283860
181100
389200
596660
804020
1011680
1219680
116700
324120
532820
741060
949140
1156640
53720
262060
470420
678180
886480
1095360
1303240
200020
408360
615920
825320
1034280
1241800
138440
346520
554280
761960
968580
1176600
74280
282140
490100
697480
904620
1112380
9260
216800
424400
632440
840540
1049160
1257880
154640
362280
466740
675780
883220
1090840
1298860
196240
404120
611720
819682
1027560
1235740
133240
341400
549300
757860
965620
1173160
69740
277660
486480
694560
901760
1109700
7860
214320
421440
629244
836604
1043820
1252020
149040
357240
566000
773520
980700
1189120
86400
293760
501400
709420
917260
1124920
22340
230040
438120
646020
853860
1061120
1268600
166220
269800
479260
686940
894760
1102720
280
208060
416340
624130
831460
1039760
1247420
144680
352460
560540
768480
976480
1184240
80990
291100
498780
707320
914660
1123060
20300
227440
435560
643620
851980
1059280
1266400
163157
370300
577600
784740
992480
1199940
96180
302800
511220
719220
926940
1135140
31850
239140
446720
654340
862320
1070160
1278000
62960
271540
480562
688060
895720
1102840
1309820
207740
415720
623940
831760
1039760
1247320
144180
352240
560500
768420
975920
1183500
80800
289080
497140
705200
914020
1122200
19140
227400
434820
642680
850340
1057960
1265640
163120
370440
577680
784620
992020
1199580
96700
304680
512240
720940
928160
1136400
32840
240840
448400
654200
861580
1068860
1176900
75120
283300
491600
699098
906840
1114720
10860
219240
426600
634160
842000
1049380
1256960
152640
360740
568040
775218
982800
1190820
87740
294520
502740
710680
921900
1130540
26780
234500
441700
649320
857140
1065420
1273960
170920
379460
588020
795180
1002898
1211220
107660
315260
522500
730220
938300
1145760
43240
250660
457840
664680
871760
977400
1185480
83040
291420
499060
707020
914100
1121700
18360
225240
432460
639740
847020
1053940
1262060
158598
365740
573320
781200
988940
1197380
94380
302140
509900
718060
925920
1133820
30420
238100
445260
652600
860200
1067860
1276700
172620
380520
588400
796800
1005020
1212640
109660
317320
525640
733360
940740
1148560
45660
253160
460060
668060
787220
997480
1206280
102600
310264
518080
726100
933420
1141040
38460
246020
453980
661340
869340
1076000
1284040
180920
388900
596620
805120
1013820
1221260
118820
326100
533460
741560
949140
1157220
53460
261080
469060
676020
883280
1091080
1298940
196420
404660
612660
819820
1026900
1234880
134580
341958
549280
756880
964420
1172200
69020
276680
484300
577920
786100
994400
1202400
99248
307000
514220
722100
929360
1136920
34400
242160
450320
657900
866000
1073613
1281980
179440
387240
595140
803060
1011160
1218580
115600
324860
534080
741960
949762
1158220
55500
264140
472480
680340
887480
1095200
1303000
199640
407660
615760
823460
1031575
1239660
137180
345480
553960
761900
969680
1177880
74800
281940
384800
593440
801500
1009260
1218100
115400
323440
531360
738360
946780
1154100
51060
258620
466540
674580
881900
1089460
1297100
194160
402360
610340
817940
1025460
1233460
129640
336200
542860
751100
958580
1166080
62900
270760
478600
686220
893440
1101660
1309360
205980
413340
620860
828180
1035960
1243020
140160
347900
555760
763624
971180
1178760
75380
185220
394060
602620
810360
1017800
1225280
915914
1131640
33400
243900
453960
661900
868880
1077900
1287380
184600
393280
600980
808700
1018360
1227420
124420
332198
539560
749400
957200
1165362
62920
270700
479620
687580
894840
1102300
1310180
207960
420880
629460
837600
1044740
1252820
150040
358300
569220
776220
983600
1191540
1309180
207960
416260
624060
833620
1041300
1250040
146980
354880
562600
771140
979340
1187120
86200
294200
502280
709880
918220
1126600
24618
232280
440080
647100
857000
1064760
1272040
168860
376700
584480
792420
1000440
1208440
105900
313400
523478
731640
940180
1147260
44760
252560
460220
668000
876120
1082780
1290760
187640
395680
605060
812340
1020280
1245760
143700
351940
559320
766840
974600
1182820
80000
287842
496180
704960
915740
1124680
21620
229060
436680
644740
852740
1061000
1269160
165800
374140
581860
790100
997760
1205718
103013
312720
519920
726820
934580
1142220
39260
247320
455320
663300
870960
1079120
1286700
183920
392080
599200
807040
1015160
1222920
122320
329940
537953
746100
904020
1112800
10520
218680
426746
634000
840700
1048020
1255920
152727
360680
569440
777480
985360
1192780
90120
300540
508520
717180
925240
1133420
29720
237420
444420
652700
860060
1067700
1275480
172900
380200
588040
795300
1003500
1210640
107680
315580
523580
731740
941260
1148800
46400
254220
461080
668080
875800
1083460
1291100
188020
395140
602060
705560
914520
1122560
20340
227340
435300
643800
851600
1059720
1267740
164700
372700
580580
789580
999120
1207200
104660
312904
521940
730380
938480
1147460
45140
254080
462280
670080
879280
1086360
1294020
191120
398940
606920
814520
1023020
1230540
126980
334680
542760
750860
959260
1167620
64780
273960
481660
688500
896880
1104920
2080
209420
416740
517660
726740
933680
1141520
38020
245560
453120
660900
868020
1076160
1283340
180560
388120
595420
802840
1010380
1217720
114820
322620
530660
738760
946960
1153860
50480
260320
468400
675860
883760
1090920
1298520
194940
402000
610320
817660
1025080
1231860
128820
336300
544440
752240
959960
1167880
64300
272460
480380
687580
895700
1103600
520
207760
310480
519740
728020
936200
1145080
43760
252320
460200
668300
876340
1087000
1295720
193800
402200
610480
818960
1026540
1234840
132800
340440
548700
756900
965000
1173980
71060
278800
487360
695120
903078
1109840
7120
215540
422960
631180
839749
1047560
1255500
153580
361680
570100
778460
986260
1194480
91200
299420
507880
715380
923120
1131220
29100
662640
876820
1086700
1294320
191080
399220
607520
815340
1023580
1230300
128480
335600
543280
750060
957200
1164540
60880
268660
477740
686000
893520
1100880
1309280
206480
414200
621920
829780
1036960
1243820
141160
349160
557580
766100
973340
1180640
77460
285080
492140
701020
908477
1116640
13020
220820
428998
638406
845800
1053340
1226560
124460
333300
540520
748280
956220
1163958
60400
267420
475760
684140
891280
1098720
1306920
204380
412400
619740
827240
1034900
1243400
140200
349260
557500
765680
973790
1181158
77760
285680
492740
700260
908560
1116540
13580
220900
427720
634820
843120
1050880
1258580
155940
364140
571540
779720
987980
1195380
92400
300000
508060
715460
923640
1038960
1251040
149380
357040
565120
772160
979980
1188080
86240
294120
501173
709380
918160
1126300
22980
231460
439480
648460
856540
1064860
1273640
171900
380280
588500
796340
1004740
1213140
111380
319700
527280
736100
944280
1151940
49080
257480
464960
672580
880840
1089540
1297480
193940
401340
609120
816420
1024260
1231780
129160
337380
545660
752714
1029160
1241140
140840
349760
557500
765380
973200
1181740
78760
289360
497569
706840
914580
1123240
21080
229240
436380
644080
853040
1061040
1268440
166580
374800
582220
789980
998180
1205120
102580
310840
517980
725878
932420
1140140
37480
245580
453500
661280
868520
1076420
1284440
182060
390340
598480
806380
1013780
1221320
118660
326620
534480
637360
846740
1054080
1261380
159160
367460
575180
783740
992000
1200604
98640
306560
514220
721840
929375
1137760
34480
241820
450000
657780
866080
1073460
1280800
178440
386060
596620
804340
1012560
1221460
119180
328040
536920
745620
954640
1162540
60560
268480
476560
684700
893740
1101540
1309800
206680
414860
622800
830680
1038340
1246260
143798
352020
575760
785340
993940
1201780
98840
306540
515440
723420
929900
1137360
34480
241202
447240
653760
860680
1067860
1275420
172600
380340
588860
796260
1003160
1209840
106600
314314
520940
728140
936060
1143980
41940
249980
457680
666020
873380
1081140
1289280
186680
394820
602360
810020
1017920
1225440
122960
330720
538620
746580
954020
1162080
59580
246980
457000
665860
873320
1081540
1290000
186660
394740
602620
811600
1019820
1227600
123940
331700
539340
747160
954560
1161860
59273
267340
474600
683280
892140
1099840
1307420
203940
412160
620000
827520
1034640
1242260
139020
346880
554840
761980
970020
1178562
75920
283680
491040
698560
906360
1113860
9460
216660
424500
631500
838580
1046380
1253900
46100
254500
462240
669829
877100
1084780
1291640
187840
395300
602220
809260
1015680
1223380
120420
327340
535020
741660
949240
1156120
52740
259780
467100
674440
881980
1089660
1296820
193620
401280
608580
815840
1023480
1231280
130320
338560
545080
752780
959920
1167380
63840
270660
479000
686520
893540
1100780
1308180
204360
411240
619100
826600
1034360
1154500
52600
260399
468000
675800
883100
1090840
1298160
194720
401580
608500
816220
1024080
1231260
128300
335620
542340
749640
957700
1165600
62400
270560
478060
685100
892700
1100100
1307980
206080
413720
621840
829600
1037840
1244620
141100
348620
555540
763460
971660
1179100
76680
285260
493040
700380
908560
1115980
12220
220880
428340
635800
843900
955660
1163600
61080
269380
477820
685920
894380
1102100
1309362
206520
414040
621140
829340
1037140
1244020
141740
349480
557740
765740
973580
1181260
78540
285760
492540
699820
909700
1117380
14520
222480
430000
637540
844360
1051680
1258940
155600
362900
570700
778860
986560
1193940
90360
298440
505620
713220
920780
1127885
24700
231800
438960
646640
765420
975460
1184040
81420
288560
495320
703500
911060
1119060
16480
224260
431940
639600
847460
1054960
1262920
160240
368780
576180
783620
991840
1198240
94860
302540
509980
717953
925340
1132560
30160
238480
446180
653780
861840
1070080
1278380
175360
383640
592460
800900
1008200
1216300
113920
322253
529760
737600
945280
1152340
49420
257020
464720
556660
765280
973580
1180649
76960
284560
492020
698920
907020
1116120
13180
221740
430200
637900
845500
1052680
1259888
157440
365120
573380
780880
989780
1197860
94780
302820
510560
717820
926080
1133720
30560
241460
449700
657840
866220
1074700
1282400
179820
387720
595120
803080
1011580
1220380
117500
324940
533000
741140
949180
1157042
54300
262300
366440
574940
783160
990800
1198860
96420
304500
511980
719602
927040
1135700
33020
240200
448160
656340
863980
1071060
1279798
176580
384080
592340
799540
1007020
1215269
111880
320320
528320
735780
943500
1151060
48340
256780
464420
671820
879220
1086140
1294540
191080
398940
606964
814500
1022300
1229720
127100
334980
544000
752082
960764
1168700
66380
161420
369520
577600
785140
993360
1200960
98040
306060
513960
721800
930120
1136680
33920
242780
450460
658520
866740
1074560
1282000
178640
387360
595238
803120
1011520
1219700
116680
324800
532380
740680
948740
1156900
54020
261980
469200
677020
884700
1092280
1300560
197820
407020
615740
823560
1031600
1239940
136960
344760
551200
761260
970200
1178420
1281340
180000
388540
597140
805560
1012640
1220320
117880
325520
533380
741120
948860
1157880
55340
262940
470960
678440
887240
1095380
1303480
200300
407740
615420
823140
1030700
1238780
135740
343960
552980
760140
967920
1175820
72655
280320
488960
697460
905100
1113140
10020
217340
424322
632820
841300
1048900
1255640
152720
359460
566740
774320
980820
1073200
1281325
178720
387360
595200
803500
1011120
1218600
115500
323000
530320
738480
946600
1154340
51000
258920
467620
674840
883140
1090820
1298420
196040
404200
612460
820020
1027540
1235500
133200
340120
547860
755320
962895
1170420
66980
275420
483440
691180
899280
1107238
3960
211260
418840
626500
833303
1040840
1248700
145560
352960
560960
768620
877420
1086240
1293700
190640
397900
605800
812960
1020880
1228540
125740
1112220
17040
228800
438260
648260
856380
1064180
1272800
172620
381880
590220
798400
1006600
1216960
114080
322040
530520
738420
947240
1156920
53740
261540
469200
678320
885800
1092180
1299720
196260
403900
615960
824060
1032400
1241020
138800
346240
553580
680340
889620
1097480
1305360
202340
409684
618204
826240
1036500
1244920
142580
350540
557800
764600
971540
1179580
76040
285680
493100
700720
908300
1116200
13000
220500
428200
635340
842620
1052460
1260800
157240
363820
572640
780020
986580
1194440
91340
298640
506400
716120
924060
1131700
28880
235900
443540
651120
859100
1066740
1275460
173380
381600
494060
705180
912540
1120680
17240
224700
432260
640080
848220
1055600
1263700
160140
369100
577340
784540
994160
1202120
98820
306560
513940
721880
930420
1137860
35660
241840
449380
657480
865880
1073960
1282240
179660
390600
598700
807100
1015380
1223520
120980
328860
537060
744480
952020
1159300
56780
264200
471960
679640
886420
1094720
1303640
203500
428960
638320
847340
1054880
1262740
159540
368400
576800
784420
991800
1199400
96240
304780
513140
721300
929240
1137140
35440
243100
453020
660600
867420
1075210
1283140
180240
388440
596660
805280
1012820
1221001
117180
325060
532400
740380
949060
1156900
54300
262120
469940
677980
885260
1094860
1303120
200020
407880
615880
823420
1032220
1239920
84580
292320
500880
709720
918840
1127540
24900
232420
439940
647320
854640
1062200
1269720
166880
374900
582880
790240
998360
1208660
106620
314038
521120
728740
936722
1144000
40800
248780
457260
665220
872820
1080660
1288100
185500
392900
600880
808980
1015880
1223280
119920
327320
535360
742620
950000
1157860
55440
263760
474080
681640
889260
1097180
1200220
97940
305900
513800
721420
928560
1136260
33600
241180
448500
656335
864160
1071640
1279560
177060
385040
592500
800960
1008460
1217560
113760
321960
529400
737080
944760
1151340
47920
255060
464480
673300
881160
1088700
1297300
193460
400140
607860
815620
1022400
1229940
126580
333760
541720
748380
956180
1163880
61940
269340
477380
685780
893880
1016160
1225220
122940
330980
538680
745760
953520
1160780
57460
264240
471440
679840
887020
1095520
1305420
202240
410880
618180
825540
1033100
1240920
138160
345460
553020
760820
969020
1177080
74060
281640
489420
697300
905220
1112240
9540
217540
425320
633240
841040
1048420
1256260
153460
360700
568260
774860
982640
1190140
87080
294980
502720
710600
794800
1003160
1211320
108400
316840
525740
733900
941980
1149640
47220
255204
463876
672020
880380
1088340
1296540
194700
402620
610940
818480
1027060
1235160
132600
341360
549120
756280
963240
1170060
65920
273120
480649
687200
894280
1101580
1309240
205940
412420
620620
827280
1034700
1241740
138360
345280
552320
759720
967060
1175340
71760
278920
486540
601660
811900
1020440
1228300
126160
333600
540960
748980
956700
1165460
62220
270220
478220
685400
893480
1100920
1308660
205400
412660
619580
826980
1034820
1241480
138240
345160
552840
760500
968180
1175720
73580
281580
489678
698100
906020
1113720
10760
217840
424600
631820
839760
1047200
1254580
151520
358700
566400
774260
982280
1190900
87100
295000
401420
609840
819660
1027780
1236180
133320
341380
549920
758540
966600
1174800
71480
279200
486518
694120
902520
1111060
8200
216100
424060
632120
839500
1047220
1254300
151560
359100
567020
774192
981260
1189580
86880
295020
502340
710080
918340
1126320
23440
231020
439180
647020
854580
1062020
1270360
167418
374620
582460
790660
998280
1206300
103860
207900
416460
624320
832640
1040360
1248820
146520
354120
561920
770280
980060
1187900
85080
292440
500060
708030
915880
1123960
22220
230680
438820
646340
854360
1062160
1270000
167180
374120
582400
789520
997020
1205260
102880
310560
518413
726860
934820
1142640
39640
247000
455720
664000
871100
1078940
1286200
183640
391320
599580
808020
1015500
1223140
5000
212920
421180
629180
836220
1043600
1251700
149448
356380
564540
772900
980640
1187940
84440
292220
499900
709160
916700
1123880
21720
229480
436880
644640
852360
1060240
1269920
167220
375000
582860
790200
997760
1205480
102480
310600
519340
727478
935960
1144356
41200
249600
457760
665240
873920
1081020
1288520
185580
394160
602960
810760
1018626
1121920
19920
228180
435880
643660
850880
1058260
1265940
163520
371840
581240
789260
996380
1205260
102480
310358
518620
726833
935160
1142500
39360
247720
455500
664500
872300
1080180
1288400
185840
394220
601440
810000
1018400
1227160
125000
334000
541800
750820
959420
1167920
65320
273760
482920
690980
898940
1106580
3540
211620
419660
627740
839020
1105568
6200
214940
422640
630500
837760
1046420
1254540
151420
358880
567500
774880
982460
1190020
86640
294520
501700
709380
917240
1125200
21360
229680
437367
644780
852800
1060540
1268960
166340
374560
582320
790200
997200
1204360
101533
308205
516800
724120
932200
1139720
36500
244020
451100
659280
867180
1075000
1283120
180200
387880
595680
727660
936180
1143960
41442
249720
458340
665280
872440
1079967
1288460
184820
392660
599920
807680
1015680
1223520
121100
329300
536620
743980
952320
1159900
56940
264580
472940
680840
888740
1096360
1304820
202140
409880
617720
827700
1035640
1243720
141320
348500
555560
763440
971020
1178340
75740
283600
492440
699740
907920
1115900
12780
220580
428360
520920
728980
937500
1145720
43920
251800
460260
668262
875300
1082500
1289300
186100
392720
600180
807884
1014960
1223020
121080
328120
536180
744080
951640
1159240
56700
263880
471880
679900
887220
1095080
1302340
200480
408780
616000
823660
1032280
1239740
136780
344180
552500
759760
967280
1174920
71880
279400
487100
694800
902180
1110260
7300
215220
322500
531140
739700
948100
1155820
53060
260200
468320
676000
883660
1091380
1298880
196180
405980
613860
821400
1029600
1237716
135260
342360
550100
757140
965480
1173498
71000
280240
487600
695500
903620
1112120
8760
215780
424540
632220
839860
1047720
1255500
152082
359340
566880
774120
982080
1189480
86180
292900
501180
707920
916220
1123940
20740
124340
332500
540260
748000
956196
1164880
61920
269440
477280
685060
893260
1101340
1309120
206680
414780
622540
830980
1038140
1246080
142980
349900
556900
765480
972660
1180340
77120
284140
490800
698700
907040
1114240
11380
219460
426540
633780
841400
1049080
1257000
153460
360600
567580
775460
983100
1190760
88700
296920
504400
712220
921320
1130160
1235980
134420
342460
550360
757540
965460
1173440
69960
278260
486540
694580
902980
1110180
7860
215940
424020
631120
839020
1046400
1254244
151522
359600
566800
774380
982200
1188860
85940
293980
501560
709140
919860
1127760
24700
233000
441060
649020
857180
1065100
1273500
169800
378120
586120
793478
1000290
1208200
105280
313200
520980
728800
935720
1039420
1248400
146180
353340
561500
769280
976560
1183620
80280
287720
495220
702280
909840
1117040
15480
222800
430420
637940
845820
1053380
1260420
156600
364480
571340
779660
987140
1195420
93820
302120
509100
716840
925180
1133980
31220
239240
446820
654820
862340
1070960
1278840
176320
383620
591640
799960
1007440
1215220
111600
319220
526500
734540
841220
1050196
1258000
156040
363620
571340
779100
987300
1194720
91400
299400
506760
714300
922640
1130180
27740
236400
443440
651160
859100
1066560
1273620
169260
377660
584820
792140
999620
1207280
104300
312460
520100
727840
935200
1143020
40260
248242
455980
664380
871300
1078620
1286320
183260
392000
599400
807580
1015360
1222960
121940
329180
536180
643600
854400
1062240
1270680
167980
375900
584080
790920
998800
1206420
103320
310800
519140
726160
934060
1141580
39120
247340
455420
664080
871000
1079460
1287340
184013
392047
600380
807820
1016160
1224560
122080
330240
538580
746260
953720
1161140
58160
265760
473420
681440
889220
1096980
1305644
202160
409460
617440
826400
1033620
1240900
138080
346060
461340
670640
878340
1086500
1293540
191020
398840
606489
815180
1022900
1230680
127780
335760
543160
750880
958940
1166400
63860
272375
480000
688560
896820
1105080
2440
209880
418020
625800
833922
1042180
1250280
146960
354780
562260
769880
978240
1186400
84300
292000
499660
706820
914720
1123000
20180
227700
435820
643400
851340
1059300
1267500
164540
391540
600700
809280
1016720
1224040
120900
328260
535200
742940
950960
1160460
830580
1045220
1257100
156240
366820
576360
785000
993200
1203940
100720
308480
516460
724400
934480
1143680
40600
248200
456560
666800
874900
1082900
1291460
188900
398700
606140
814280
1022498
1231240
128400
340900
549100
757360
965880
1174200
53320
262440
472000
679800
887860
1096100
1304380
201602
410460
618060
828360
1037060
1245080
143380
352160
560500
768820
976220
1184020
82860
291440
500440
708740
916800
1124940
22720
231620
439420
647260
856940
1066460
1275620
172840
381380
589400
796676
1005300
1213680
111280
320380
531260
739740
947360
1155420
52760
260960
469602
678040
886180
1094900
15240
224140
432780
642620
850860
1060760
1268820
166600
374480
582840
791280
999060
1207760
106560
315300
523360
731880
942600
1151200
48760
257340
464820
673160
880720
1088760
1295620
192920
400520
607760
815840
1024840
1232280
129300
338980
547580
755920
963720
1171720
68320
275840
483860
691840
900040
1108100
6040
214400
422280
630680
839260
966760
1176260
75600
283680
491540
699680
907860
1115660
12400
220100
427840
635280
842880
1050242
1257860
155100
363400
570900
778880
987860
1196220
94520
305480
514320
721820
929560
1137000
33820
241860
450000
657680
865700
1073580
1282080
179220
387800
595580
803040
1011040
1218460
115660
323860
531360
740360
951000
1158760
55580
262980
470780
679000
886340
1095220
1302514
199200
407660
614917
822500
1029940
1237560
134280
342360
549360
757660
966000
1173100
70360
277640
486300
693560
901440
1110900
8080
216400
424700
632080
839680
1047620
1255220
151740
359880
567200
774180
981040
1188160
84520
290680
498740
705940
914040
1121560
18280
225920
432480
640200
847780
1054220
1262400
159440
368400
570794
780000
988760
1196620
94120
302240
510120
718420
926160
1133740
30380
238320
446080
653860
861640
1069580
1278140
175540
383900
592889
800780
1008676
1216420
113520
321280
528840
736800
943640
1152260
49460
257320
467120
675000
883660
1091540
1299920
197440
405060
612240
820080
1027520
1236000
132360
340160
547520
755820
963760
1171140
68480
276460
372900
582240
789960
997980
1205900
102540
309440
517245
724340
931220
1137880
34860
243520
450800
658900
865480
1073960
1283560
180360
387420
594560
802760
1009820
1218260
115740
324760
532520
740760
948560
1156560
54240
261560
469200
677200
884640
1091880
1299960
197480
405720
613280
821460
1028180
1236200
133280
340660
548700
755480
962780
1171360
68320
186775
396820
605140
812600
1020960
1229040
126560
335320
545860
754120
962120
1170900
67500
275000
483720
690980
898176
1106380
3680
211740
419780
627840
835620
1043700
1252100
149920
357440
566040
774020
982180
1190300
86960
294960
503000
711680
919560
1127360
24940
232640
441120
649820
858500
1067520
1276420
173620
381720
590280
797940
1005640
1213520
133920
343200
551600
760200
970820
1178860
76620
284280
492260
700820
908700
1117060
14574
222660
430360
638500
847600
1055500
1263095
159880
367060
574800
782380
989700
1196920
94040
302520
510440
718540
927060
1135060
31300
238520
446760
653440
860660
1067840
1275820
172300
380080
588460
796460
1004260
1211940
109040
316360
524180
732760
940620
1091620
1302285
199440
407680
616460
824640
1035400
1243540
141280
349400
556600
764580
972600
1180760
78020
286600
493960
701600
909520
1117540
15240
223120
430820
639220
848000
1056380
1264520
161820
368840
576720
783760
991660
1200240
97160
305320
513420
720520
928220
1135940
33360
242220
450500
659020
867480
1075680
1284160
181460
388420
596860
804580
900460
1109940
7260
215300
422860
630840
838600
1046940
1254700
151320
359780
568980
776820
985300
1195220
92480
300720
509260
717180
925460
1132960
30780
238680
446840
655060
863500
1071000
1279240
176280
383860
592160
800620
1008340
1215100
112620
320080
527740
735460
942800
1151850
49040
257440
464880
672580
879740
1088140
1296420
193480
400740
608882
696580
905080
1113324
9560
216980
424184
631720
839100
1046520
1254360
150440
358700
566840
774140
980960
1189340
85800
293382
501760
709373
916720
1124420
21820
230460
438600
646580
854600
1062820
1270160
169940
378740
586400
794220
1001540
1209400
106980
314740
522780
730780
939120
1146960
44040
251720
459260
667298
874940
1082932
1291060
188580
396860
503720
712880
920920
1129540
26780
233640
442180
650060
857540
1065200
1273360
170640
378140
585800
795020
1003560
1211420
108920
317160
524800
732840
941120
1148100
45018
252740
460080
667330
875220
1082660
1290040
187360
395160
602500
810540
1018340
1225640
123020
330900
538620
747360
955480
1163900
61120
269220
477000
684560
892260
1100604
1309020
206381
312840
521440
729800
941240
1149834
47760
255960
463740
671420
880060
1088580
1296980
194200
402440
609800
817940
1026420
1234560
132320
340060
548200
756300
963800
1171080
66780
274300
482480
690580
898240
1106894
3980
211340
417840
625900
832960
1040920
1248080
145520
353440
561260
768460
976140
1184040
81180
289800
497980
705580
913900
1122100
19720
227180
435760
643820
852020
1060080
1268720
166980
375360
582220
790340
997420
1205280
102700
309980
517800
725520
933660
1141234
39000
246780
454500
663060
870200
1078540
1286600
182920
390760
599160
806580
1014960
1222800
120420
328560
536380
744640
954900
1163540
60962
268500
475480
682940
889762
1096962
1304600
201440
408280
615980
823860
1030560
1233140
131520
339360
546660
754420
962044
1170640
67440
275820
483140
691400
899340
1107040
4420
212280
421000
630060
838480
1046620
1254820
151280
359340
567180
775140
983400
1191780
89020
296640
504320
712320
920520
1128260
26360
233360
441400
649860
858400
1066660
1275080
172120
379320
588440
796162
1004120
1211420
107840
316180
523820
733260
942300
1213100
113960
323180
531580
740020
948740
1156620
53080
260720
469520
676660
884220
1091960
1299280
196600
403660
611500
819200
1027620
1235520
132480
340340
548780
756720
964500
1172240
69720
277380
484840
695640
903840
1112040
9180
217320
424780
633540
841600
1050100
1258680
155780
364340
572015
780700
988220
1195540
92260
300180
508500
716720
830840
1040620
1248980
145940
353160
561682
769420
977480
1184800
82260
290200
497880
704720
913120
1120300
17420
225640
433280
641060
849460
1057660
1265960
163540
371660
579923
787460
994722
1203100
100740
308400
516216
723740
931400
1138960
36280
244420
452900
660606
868040
1076260
1284440
180880
388560
595600
803100
1010440
1219120
116500
323640
530860
637040
845840
1054300
1262920
159760
367122
574160
782293
990040
1198980
96540
304660
512600
721320
929360
1138580
36760
245320
453100
661640
869220
1077560
1286100
183220
390900
599420
808180
1017280
1225120
122620
330840
538700
746680
955020
1163522
63120
271620
479380
687580
896360
1104120
1180
209520
417120
624780
832140
1039580
1247020
144460
352160
580580
789780
998080
1205700
102580
310560
518080
726240
933780
1141360
38440
245889
453346
661120
869020
1076720
1283760
181760
389460
597800
806380
1014660
1222120
119680
326980
535840
744040
951460
1159180
56600
265180
473000
680280
888540
1097580
1305720
202780
410580
618500
826220
1033020
1241300
138980
347040
555420
763400
971040
1179280
76700
240940
449680
658500
866020
1073860
1280860
177520
384920
593600
800500
1008520
1216560
113682
321840
529220
737080
945060
1152980
50600
258820
466360
674260
882400
1089800
1297640
194800
402060
609500
816840
1025660
1232760
129876
336980
544540
751760
959800
1167740
66140
273820
481620
689522
897580
1105170
1260
208920
417100
624720
832420
1040500
1247560
43900
252900
460620
670520
879080
1086640
1294220
191860
399100
607720
816060
1023840
1231320
128860
337140
544560
752620
960640
1168280
65400
273480
481280
690180
898360
1106760
3480
211220
419580
627780
835760
1043920
1251700
148500
357340
565840
775380
984160
1192100
89320
296360
503620
710700
918240
1126760
24660
232660
441240
649340
858200
1065960
1273600
171820
379640
587500
795740
1003560
1212020
109040
316140
523760
731860
940320
1147880
45580
253280
461680
669060
876580
1084600
1292780
189560
397780
604880
812280
1020520
1229080
126460
333560
541100
748940
957260
1165340
62480
270600
478640
686360
895080
1104020
1403
209200
416420
624220
832720
1040500
1248080
145080
353140
561020
769740
967840
1177260
75100
283320
491180
698900
907040
1114340
11100
218820
426860
634820
842280
1050000
1258340
155700
363312
571560
778938
463140
677200
888440
1097620
1308100
204900
413100
620820
830220
1037860
1245620
143060
350003
560060
768700
976880
1184560
82500
291880
499780
707320
915160
1122500
21260
229820
437600
644660
761540
971420
1183480
81960
289680
498044
706060
914340
1122460
21860
230620
439400
648100
856260
1064280
1272280
169800
379480
587520
795206
1002660
1210760
108440
316420
524640
732180
941760
1149420
46000
255160
462480
670320
878260
1086400
1295380
192620
402780
611360
819740
1027320
1235940
133160
341920
550360
757680
965260
1173300
72080
280300
488360
721500
930500
1137880
34860
242740
451160
658360
866055
1074620
1282882
182700
391540
600380
809042
1016980
1225840
123420
332040
541000
748760
957020
1165640
63475
271060
482060
689500
896900
1103960
1060
209040
416820
626080
833820
1042020
1249840
147180
355140
562580
770200
977900
1187780
85480
293300
500700
709380
916860
1124280
21080
228380
363360
572340
779960
987820
1196420
93620
301140
509560
717383
927840
1136120
33180
241600
449820
657420
865320
1072540
1280860
177480
385600
593680
801720
1010220
1217080
113600
320820
529280
738180
946880
1157520
54700
262220
469800
678260
887080
1094300
1302380
199580
407660
615560
822200
1029780
1237660
135480
342140
550215
758280
967340
1174680
72360
168480
378940
587300
794840
1003620
1211360
108100
315660
523620
730620
938500
1146600
43660
252034
460700
668580
875840
1083980
1291540
188358
395680
603780
812380
1019820
1227040
124480
332700
541840
749300
957060
1165200
61800
268540
476060
683560
891560
1100000
1307840
205580
412750
621040
828840
1036380
1244057
141000
349600
558420
765820
973740
1182260
1279560
178340
386360
594200
801880
1012200
1219740
116740
324580
532080
740140
947800
1155240
53480
260980
468960
676780
884800
1093076
1301540
198540
405780
614220
822220
1030120
1238500
135720
343060
551580
759560
967240
1175440
72120
279940
487180
695480
903240
1113180
10340
218360
426340
633380
840880
1049080
1257240
155080
363200
570140
777680
986160
1082580
1290700
187900
396340
604400
812320
1021300
1228860
125740
333920
542680
750540
958840
1167040
63880
272520
480800
689420
897680
1106140
3820
211800
419820
631840
839680
1046678
1254880
152640
361160
569200
776940
985540
1193600
90360
298080
506680
714260
921780
1129560
25740
233720
442100
649920
857260
1064360
1271980
168800
376680
584562
792620
887958
1095560
1302700
199460
407260
615380
822520
1029340
1237280
134940
342480
550340
757700
965940
1176140
73940
282040
490300
698820
906140
1114060
10060
218020
425620
633400
841020
1049040
1257140
154900
362100
570880
778580
986434
1194300
91820
300580
508400
716380
924700
1132640
29820
237520
445640
653820
861740
1069942
1277780
174440
382480
590460
695920
904760
1113340
10680
218260
426200
634020
842580
1050380
1258960
159180
367320
574980
783720
990260
1198260
95200
302920
510560
718520
926760
1134880
32520
239860
447580
655320
862600
1071000
1278980
176760
384680
592680
801900
1010106
1218240
114740
322320
529860
738258
945940
1153660
50520
258240
466340
674960
881940
1090780
1298740
195780
403800
632560
841900
1050240
1258780
155640
363340
571920
779300
986640
1194660
91040
301400
510180
718860
927340
1134980
31740
239080
447960
655220
863180
1071380
1279340
177500
385180
592680
800080
1007900
1215720
112380
319920
527580
735482
944080
1152200
49200
257316
464800
672820
880760
1089685
1297000
194140
402020
609920
816720
1024460
1231980
129160
288640
497820
706060
914560
1122660
20000
227200
434160
642040
848540
1056120
1264420
162000
369480
576800
784720
991900
1200140
97200
304660
514760
722580
930240
1139080
35300
243420
451440
659640
867120
1075333
1282940
180580
388640
596807
803480
1011440
1218100
114960
324280
531820
739520
947320
1154960
51680
258780
466100
673720
881440
1089800
1297900
92840
301880
509920
718340
925840
1133620
31078
238460
445940
653800
861620
1069240
1277020
174300
382600
589900
797820
1005320
1212960
109200
317620
525160
732900
941320
1148720
46220
254820
462880
670220
877940
1085460
1292420
189980
397360
605160
815780
1024380
1232980
130240
338520
547400
755280
962500
1170000
66320
274360
482280
689560
897200
1104540
1198140
97540
306200
513960
722880
931400
1138680
34740
242340
449520
657560
865620
1073040
1280940
179020
387140
595220
803780
1011580
1219500
117478
325442
532360
740260
947500
1155440
52260
259760
466220
674478
883460
1091440
1298900
195680
402980
610820
818440
1026360
1234242
131700
340260
547880
755660
963640
1172000
69260
276480
484180
692193
900280
1007660
1216220
113760
322700
530080
737700
946340
1153740
50620
261420
470280
678060
885180
1093720
1302200
199660
407960
616120
823920
1031480
1239200
136560
344400
552140
759820
967820
1175380
72020
280040
488020
695720
903740
1111740
8540
216840
424560
632020
839260
1046600
1254900
152220
360020
567540
775680
984440
1192320
90280
298580
506680
715236
943500
1152800
50120
258420
466200
674700
883100
1090400
1298980
196260
404220
611300
818562
1026920
1235240
132080
339040
547260
755580
962540
1170740
67860
275680
483560
691300
899700
1107600
4560
213000
421040
628760
837320
1045580
1254180
151720
358800
566580
773580
981400
1189260
86040
295895
503300
711380
918620
1125940
22380
230800
438326
604940
813380
1021760
1229660
127180
335300
542980
751380
958760
1166140
63220
271380
479340
687040
896080
1103280
240
208560
416140
625000
833060
1040980
1249220
145860
354700
562000
770260
978100
1186000
82680
290700
497660
706200
913400
1121120
18360
225740
433720
641920
849800
1057160
1264800
161100
368480
575160
782520
990280
1198940
95740
303660
418480
628540
837240
1045420
1253020
149920
357620
565120
773400
981320
1188980
85880
293220
500620
709240
917820
1125800
22640
230495
437320
645240
853040
1060180
1267700
164640
372220
579360
786520
994960
1203180
100800
308300
515200
723240
931620
1141260
38660
245840
453680
661340
869240
1077360
1284960
182380
389560
597100
805120
1012220
1220100
116740
199440
409180
616280
824300
1032460
1240100
136360
343840
551920
760444
968280
1175920
73200
280720
488220
695520
904120
1112000
8580
215840
422760
629620
836860
1044040
1251500
147960
355557
563580
771620
980023
1187940
84720
292320
499560
707720
916220
1124460
20060
228000
436560
643800
851280
1059280
1267460
164340
371860
579760
787480
994640
1201160
9480
218620
426220
634400
842240
1050200
1258220
155700
363280
571300
778720
985840
1193520
90407
298160
505760
713720
921240
1130440
27900
235020
443180
651480
859660
1066760
1274740
172320
380440
589020
797100
1005560
1214540
111780
319040
526400
734040
941700
1149660
47004
255040
465460
674000
881420
1089120
1297780
194780
402620
611300
819620
1026880
1155460
56660
266520
474949
682720
890820
1098160
1305620
202940
410040
618080
825460
1033620
1241260
138140
346680
553980
761860
969460
1176900
74288
281760
489880
697460
905580
1113340
10020
216420
423560
631660
838940
1047040
1254740
151100
358620
565940
773200
980700
1188060
85360
293820
501580
708860
915740
1123280
19480
226540
434300
642760
850220
1080598
1287980
185120
392540
599720
808080
1015780
1223600
120800
329360
536840
744720
952360
1159900
57980
265400
472740
679680
887360
1095700
1303340
201120
409220
616620
823900
1031620
1240080
136260
343740
550960
758960
966380
1174460
72160
279820
488200
696340
904750
1112180
9140
216280
424360
631680
839960
1048700
1256440
153500
360960
569460
727000
935260
1143380
40580
247760
454500
662120
869220
1079760
1287780
184580
392480
600240
807760
1015740
1222920
119320
326700
535500
742440
949800
1157700
54600
262040
468880
676720
883980
1092060
1299800
196280
404180
612200
820420
1028060
1236700
133660
341460
549080
756400
964120
1171586
68520
276840
485020
693160
901020
1109000
5440
212940
420740
529600
738600
947220
1154880
51520
260240
468740
677000
885820
1093720
1301920
199780
408580
616340
824080
1033200
1242140
138920
347360
554500
762220
970180
1177860
74260
281420
489100
697620
905800
1113540
10200
217400
424560
631460
839100
1047120
1254720
152700
360080
567520
774600
982440
1191420
87900
295780
503580
711560
919720
1127100
24885
232780
331000
540320
749400
957340
1166360
63300
270860
478720
686440
894500
1102580
1310460
207360
414760
622520
830940
1038560
1246980
144280
352020
559762
767360
974420
653840
868140
1078960
1287340
185960
394380
602120
810240
1019760
1228320
126180
334580
541940
752220
960400
1168200
65180
273280
483100
691300
899420
1107420
4820
143800
353080
561480
769520
978460
1186260
88660
296780
504940
713340
921360
1129200
26520
236140
444960
653480
861720
1069700
1277720
175800
382740
593520
801680
1010360
1218700
115918
323361
531540
739480
947080
1156340
54460
262280
471180
679320
887020
1095120
1302960
200960
408600
619500
827200
1035180
1243520
140460
348360
556720
765680
974120
1183500
103760
315840
524320
732120
939540
1147440
45180
253680
461820
670160
877780
1085500
1293220
190360
400520
607980
816380
1023560
1231900
128820
337040
544900
752460
960340
1168380
65682
273800
481770
692820
900520
1108260
5260
212900
420900
629460
836880
1045320
1253240
150600
358580
565900
773480
980720
1188520
88596
297020
505100
713600
921760
1050140
1259560
157140
365280
572620
779860
986800
1193980
91220
298780
506080
712920
920300
1130480
27840
235800
443180
650600
858340
1066060
1273460
170220
378360
586640
794300
1002160
1209840
106740
314340
522360
730573
939040
1147080
47100
255920
464340
672820
880220
1088760
1296300
192980
401400
608940
816640
1025000
1233260
131200
340300
548440
756920
853680
1063340
1271380
168440
376620
586541
794940
1003155
1211080
107680
315440
523720
732180
940140
1148900
46540
254680
462400
670340
878000
1085580
1293460
189940
396240
603340
811240
1019420
1227680
124320
332420
540140
750900
959840
1168260
65900
274360
481680
690080
898720
1106260
3500
211540
419060
626260
834400
1042500
1250540
146680
353600
561200
649800
859320
1067660
1275840
172500
380720
588760
797580
1005420
1217120
114620
322360
530660
738540
946400
1154880
53060
261900
469540
677840
886160
1094700
1303020
200680
407980
616160
824360
1033380
1241540
139980
348100
556120
763380
972320
1179920
78000
285360
493980
702160
909900
1117860
17440
226180
434700
642400
849840
1057420
1264980
162280
369420
594800
802820
1010640
1218800
115700
324640
533000
740180
947960
1155340
52640
260240
467340
673780
880940
1088420
1295340
192340
400600
608760
817160
1025378
1233080
130840
338880
547140
754200
964380
1173180
70940
279080
487020
696240
905340
1114020
11780
220680
429360
637620
844980
1053180
1260360
156860
364255
573000
781140
989420
1197400
94197
257580
466220
674060
882460
1090700
1298560
195680
403860
611640
818980
1026760
1234000
130660
338400
546320
754200
961940
1169760
67320
277720
485680
694960
902980
1111040
8140
215460
423460
631240
839800
1047320
1255040
152400
360300
568160
777000
985260
1193240
91440
299560
507300
716200
923920
1131320
28940
237280
445280
653160
860740
1068380
1276340
61360
269600
477680
685220
893000
1100740
1308400
205400
413440
622240
830520
1039420
1248580
145480
353420
564360
772060
979440
1188140
85540
292960
500040
707540
915380
1124200
21600
229240
436820
644560
852360
1060060
1267520
164480
373380
581620
789800
997740
1205520
102680
310260
517700
725560
933600
1140500
36980
245280
452880
660520
868640
1075600
1181060
79620
288600
496360
704280
912720
1120600
17320
225080
433077
641000
848120
1055400
1263460
161160
368340
578894
786620
994640
1201460
97760
304740
512240
720520
928640
1136000
33602
241140
448620
656180
863680
1071080
1279160
176240
384320
592400
800060
1007980
1215060
112940
320980
528640
736100
943320
1151260
48340
255740
463000
670040
878460
974480
1182480
79380
288060
495640
703906
911640
1119100
15460
223180
431202
639080
847160
1055180
1263740
161480
369220
576980
785298
992760
1200920
97600
305040
512680
722580
932120
1140020
37100
244760
453140
660340
868440
1076120
1283940
181460
389540
597620
805800
1014169
1222000
119000
328240
536660
745340
953740
1161620
58880
266420
474880
681620
777860
986800
1195780
93580
301660
509820
717420
926281
1133840
31580
239940
447960
656520
863880
1071780
1279600
177078
384220
591597
798660
1006750
1214800
111380
319560
527440
734960
942080
1149860
46960
254720
463060
671300
879020
1087160
1295160
192080
399760
607220
814400
1024560
1232660
130480
337840
546160
754420
961880
1169960
66920
274820
483140
579680
788980
997960
1205489
102520
310120
518160
726980
934340
1143040
40420
247540
455340
662380
869800
1078040
1285580
182740
390720
598280
806120
1013900
1222320
119580
326860
534220
742120
949560
1157260
53620
260860
468500
675800
884560
1092040
1299940
196720
404240
611980
819480
1027420
1235720
132420
339800
547080
755480
964660
1172300
69080
276620
383400
592460
800720
1008740
1217400
114280
321480
529180
736422
943940
1151880
49540
257260
467920
675820
884000
1091700
1299480
197000
404980
613020
820140
1028220
1236140
133120
341000
548700
756760
964360
1172040
68900
276438
484120
692120
899440
1106700
3620
211820
418580
627140
834500
1041940
1249340
147100
355500
563180
771120
978400
1187220
84720
181140
389940
598200
806020
1013800
1221680
118860
327580
534360
742420
950800
1158520
56140
263600
471380
678680
885580
1091720
1298680
195480
403020
610880
818520
1025860
1233400
130380
337520
545220
752780
959380
1167020
63960
272100
478480
686220
894660
1102340
1309960
206540
414380
621660
828360
1035396
1243180
139420
349442
557200
764780
972200
1180400
1293900
193460
401820
609360
817060
1024660
1232320
128940
336960
544940
752700
960740
1168120
65820
273660
481560
689380
896840
1104240
1120
208520
416820
624960
832420
1040880
1248280
145180
353020
561060
769760
977520
1185940
83280
290780
498244
705460
912620
1120100
16580
224280
432080
640760
848200
1056120
1263700
160020
367300
575020
782840
990340
1098120
1306980
204640
411640
620200
827200
1034740
1241620
137800
344960
552660
760720
967660
1175300
72254
279580
487040
695967
903840
1111842
8620
215720
423800
631100
839260
1046620
1253500
150660
358020
565140
772640
979840
1187200
84580
292180
501180
708080
916020
1125120
21840
229700
437620
644880
853680
1061740
1269320
165880
373920
581880
790020
908580
1117840
15460
222920
430640
638940
847760
1055940
1264060
161040
369220
577040
784720
993000
1201820
98960
306660
514180
723040
931860
1139240
36880
244060
451400
659020
867220
1075200
1283440
181040
388480
596600
804920
1013543
1221060
117200
325740
533640
740960
948080
1155562
52660
259900
466720
674420
881740
1089640
1297240
193600
400900
608200
703960
912060
1119980
16740
225280
433680
641500
849920
1057380
1264620
162360
369620
577000
784260
991328
1198660
95560
303060
510960
718600
926220
1134000
30600
237260
443980
652220
859398
1066520
1274540
171160
378160
585560
793480
1001740
1209540
106640
314880
523100
731460
939280
1147100
44180
252060
462020
669820
877420
1085660
1292900
189540
397620
504694
713820
922080
1130100
27440
235180
442380
649260
857420
1064860
1272680
170080
377440
585640
792880
1001140
1208920
106660
314540
522760
730920
938860
1146900
43520
251540
459840
667600
875620
1083700
1290500
187440
395040
602120
809460
1017820
1225600
122260
330900
539180
747300
955560
1162860
60280
268140
475780
683495
891240
1097940
1305040
202580
305400
515820
724480
931480
1138960
35600
242920
450680
657780
865540
1073100
1280320
177440
384780
593180
801280
1009140
1217240
114300
322278
530160
738402
946780
1155153
52040
260200
468840
676700
884780
1092080
1299360
196780
404480
612580
820960
1028880
1236500
134120
341640
550061
756840
965500
1172240
69720
277255
484280
692140
900220
1107240
3620
110140
318740
526900
735594
942940
1150980
48880
257140
463520
671980
882600
1090260
1298440
195980
404080
612200
820240
1028600
1236440
133300
341280
549218
756460
964040
1172300
69920
277880
486880
695340
903860
1112360
9798
216960
425340
632920
840820
1048740
1256660
154120
362000
569620
777580
985620
1193140
90080
297920
506060
713860
922280
1129940
28880
240580
449720
658482
866600
1074680
1281820
179715
387520
596120
804880
1012460
1220100
117820
325360
532920
741660
949060
1156280
53760
261500
468660
676440
884840
1092840
1301520
198300
405780
613360
820660
1028080
1235420
132720
340520
547920
756200
963880
1170920
68600
275520
483420
691440
899300
1107964
5800
213580
422760
630289
838380
1021540
1230340
127100
335660
543760
752560
960000
1168700
66100
274440
482780
690660
898000
1105820
3620
211524
419240
627020
835260
1042760
1250480
147080
354320
561840
769860
977480
649373
863960
1075240
1284660
183820
391360
599080
807020
1015620
1223800
119640
327440
534740
744760
953360
1161620
58920
267720
477200
684260
824080
1032880
1241320
139318
347200
556060
764240
971540
1179080
80438
289740
498580
706360
914040
1121180
18320
228120
435780
643860
851620
1059282
1267280
163685
371980
581620
790360
997720
1205494
101900
309720
517240
726060
933560
1143460
41380
249080
457880
666020
873620
1081880
1290020
187440
395320
605400
814140
1022460
1230420
127940
336240
544500
777057
986880
1195080
92020
302480
510760
719380
928140
1136180
33620
241860
450120
658280
865400
1073000
1281740
178920
389980
598220
806620
1014660
1223440
120700
328074
536440
745840
954260
1162340
59820
267660
476260
687080
894760
1102560
1309940
206940
414812
622882
830820
1039500
1246860
144920
352960
561160
769480
977680
1185160
85340
293620
437735
646520
855200
1063412
1271900
169720
378180
586420
794660
1003760
1212660
109220
317680
525620
733520
941860
1151980
49380
256780
464840
672460
879720
1087840
1295840
193760
401620
609680
818060
1027160
1235800
133220
341080
549500
758020
965160
1173100
73260
281240
489500
696920
905240
1114200
11180
218600
426460
633840
842000
1050260
1258340
155840
386280
594500
802680
1011320
1219240
117400
325460
533380
743600
951920
1159660
56940
265060
472840
680598
888560
1097060
1304880
201100
408400
616440
824340
1032002
1239260
136100
343660
551040
758700
966162
1173600
70000
277640
484720
691640
901640
1109100
6000
213900
421980
629940
838380
1045880
1253360
150000
357720
564882
772580
980020
1187660
33840
242920
450540
658960
866960
1074369
1281480
178800
386600
594580
802060
1009540
1217300
116800
324980
533640
741360
949320
1157960
54500
262900
470220
678280
886220
1093480
1300814
197520
404800
613080
820920
1029000
1236200
133700
341320
549900
758500
967480
1174820
71400
280000
487600
695240
903440
1110980
8700
219160
427620
635156
842740
1050380
1146778
44480
252640
461000
668900
876580
1084820
1292500
189340
398080
606340
813478
1020880
1228900
125700
333540
541260
749540
957000
1164480
61580
269560
478276
686720
895260
1103160
1310660
207420
415560
623300
830820
1041440
1250040
147560
355460
563927
771440
979640
1186900
84940
293533
501980
710260
918580
1126540
23960
232100
440800
649040
856200
951860
1160220
57460
265840
473660
681340
888800
1096000
1303720
201060
408420
616460
824580
1032180
1240260
137540
344940
552540
761300
969280
1176800
74540
285000
492882
700340
907900
1116040
13220
220920
428680
636140
843640
1051080
1259380
155900
363020
571460
778660
986678
1194760
91800
299820
507449
715700
923500
1131580
29120
236760
444000
651600
758260
967080
1175060
71780
279280
486480
694640
902400
1109660
6760
213880
421640
629840
837240
1045600
1253360
150800
358960
569700
777820
985200
1193040
90280
298220
507236
715920
923800
1132022
28520
236180
443860
651500
859740
1067240
1274900
170880
378880
587520
795500
1002940
1210880
107320
314760
521920
729540
937100
1144660
42120
250040
457920
553400
762280
970240
1177660
74480
281520
489960
697760
905520
1113740
10500
218320
426820
634720
842680
1050199
1257780
155860
364020
574080
782160
989500
1197540
94980
302500
510280
717360
924960
1132060
29060
237040
444769
651400
859040
1066040
1273860
170800
378400
586020
794560
1002360
1210380
107080
314780
522100
729360
937180
1145460
43340
250820
359740
568080
776180
985180
1192460
89020
297920
506460
713740
921200
1129000
25380
233140
441220
649260
857280
1065220
1272560
169440
377740
585620
793762
1001260
1208880
105840
313240
520960
731500
938960
1146320
43100
250760
458640
665760
873320
1080660
1288940
185640
393400
601180
808460
1016320
1223840
120980
328590
536940
745340
954120
1162560
59840
175360
385240
594200
802780
1010880
1219080
116520
324800
532920
740460
947660
1156620
54200
262540
470980
679400
886540
1094200
1301880
198580
406180
615140
823020
1030440
1238400
135580
343100
550980
758460
966440
1173780
70500
278000
486220
694160
902940
1110820
7680
215040
422580
629440
836900
1048200
1256340
152900
360220
567960
777240
985640
1193680
112240
321360
528768
737360
945862
1154120
51240
258700
467160
674940
883820
1091680
1299700
197320
405000
612460
820500
1028780
1237340
133920
341260
549620
757220
966020
1174180
70760
277660
485200
692560
900180
1108280
5700
215020
423460
631400
839760
1048482
1255420
152760
359900
567760
775940
983540
1191480
88280
296260
503740
711060
918480
1079420
1288260
185000
392480
600160
807700
1014580
1221840
118540
327120
534480
741860
949760
1158720
55440
263180
471160
680220
888760
1096940
1304480
201780
409620
617780
825300
1033900
1242089
139460
346340
554940
762860
969760
1177320
74560
283160
491520
699540
908173
1115000
12820
220760
426880
634430
841340
1048816
1255180
152160
359580
567200
773800
881540
1090260
1298440
194900
401440
608140
815520
1022660
1230400
126940
334400
541200
748240
956080
1163180
60680
269320
476600
684760
892060
1099340
1306920
203060
410220
617640
824900
1033160
1240440
136980
344820
552900
760340
967940
1174840
71520
279260
486920
694280
902500
1109820
6880
214660
422000
630100
837100
1044180
1251780
149400
357260
567440
683520
892240
1100660
1308420
205300
413520
621558
829000
1037480
1245440
141740
349840
557340
766380
973621
1180760
77920
285540
493960
701360
908760
1116960
14120
221360
428860
636540
844240
1052140
1260560
157560
365160
573360
780840
989620
1197560
94060
301520
508980
715900
923380
1130560
27840
234900
442940
651580
858980
1067640
1275460
173000
380640
487980
696380
904080
1112520
9260
216540
425060
632840
841080
1048240
1254720
152540
359700
566940
773860
981280
1189200
85880
293860
501220
709220
917280
1124820
22002
229590
437260
645040
853480
1060720
1267820
165120
373220
581360
789280
996700
1204740
102200
309300
517500
725800
933820
1142140
41580
249200
456620
664640
872580
1080360
1288160
184880
290600
498480
705820
913480
1120200
17360
225260
433380
640960
848180
1055620
1263280
160640
368642
576060
784040
991160
1199520
96160
304020
511960
718960
926300
1133980
31440
238960
447000
654320
862340
1069900
1278360
175700
383160
590680
798820
1006440
1214500
111840
319820
527980
735100
942920
1150580
47500
254500
462780
671200
878240
1086640
1293980
87780
298040
505460
713280
920880
1128260
24960
233420
440640
647920
855100
1062720
1271429
168460
376240
584380
792020
999520
1206960
103340
312200
520100
727460
935400
1142680
40620
247960
454940
662040
869740
1077020
1285360
182540
389420
597500
805940
1013420
1220700
118240
325600
533980
741220
948500
1156620
53220
261080
469200
678634
886420
1094480
1211000
109360
317509
525900
733260
940900
1148200
44960
253200
460040
667740
875320
1083920
1292100
189400
397280
604920
812280
1020300
1227820
125120
332900
540380
748160
956240
1164900
61760
269260
476780
684680
892320
1100360
1307620
204860
412320
620620
828240
1035940
1244240
141600
349820
557453
764640
972400
1180240
77740
286400
494200
701500
908560
1004420
1212620
110580
319200
527960
736180
943560
1151380
48440
257580
465120
672200
879820
1087300
1294960
192500
401060
609220
816400
1024120
1231878
128340
335940
544680
752245
960430
1167380
64400
272340
479780
687740
894480
1101760
1308920
206040
413680
621180
829660
1038300
1246240
142860
350440
557080
765400
972860
1180758
77800
285320
492880
700500
809180
1017800
1226260
123360
331400
539700
747876
955680
1163180
60180
267900
476080
684360
892100
1102360
1309800
206460
414040
622460
830720
1038400
1246800
143960
351560
558840
766400
974300
1181740
79420
287320
495220
702420
911420
1119360
16860
223820
430847
638020
844900
1052180
1260540
157940
365900
574020
781720
989660
1197640
95200
302900
510360
616260
825240
1033200
1241880
140140
347900
555960
763320
970420
1178500
75080
282460
490180
697560
904600
1112180
9180
216880
424900
633420
841540
1049280
1257240
154020
362400
571280
778860
986480
1194880
91680
300280
508860
716460
924120
1131980
29280
237520
446000
654200
861600
1069580
1276960
174460
382180
589880
796700
1004340
1211980
108580
317220
410560
618940
826800
1035620
1244680
142320
350200
557820
766280
974840
1182720
80560
289440
498320
705620
913920
1121580
18500
225500
433380
640540
848322
1056140
1263640
161280
368118
574960
782040
479180
693320
904840
1114600
12900
221500
430000
638840
848160
1055980
1264560
161700
370460
579880
787480
995680
1203440
100980
217260
427260
636660
845140
1053420
1263820
161380
370300
578640
786660
995640
1207660
106120
314540
522220
730180
938180
1145900
45880
254440
462840
670980
879140
1086580
1294440
190940
401100
608720
816420
1024240
1233260
130780
338160
546700
754518
964900
1173740
71440
279220
487520
695820
903240
1111300
9080
218020
427780
636040
844420
1053054
1261158
224140
435780
645320
853380
1061320
1270040
170540
378580
586740
795040
1004220
1212900
110180
317980
525840
734180
942300
1150660
47780
258300
466020
674220
882000
1090700
1298460
194960
403400
611440
819780
1027340
1235140
132280
339660
550340
758520
966420
1173820
71260
279120
486860
694980
903580
1111780
10020
217280
424940
633740
841460
1048800
1280560
178040
385980
594040
801980
1009800
1217360
114460
322460
530160
738180
945200
1152800
49440
256880
465122
673020
880220
1090240
1297980
194880
403120
610560
818740
1026660
1234880
132380
340220
548280
756800
965100
1172700
70140
277320
485680
693820
902560
1110340
9660
217880
425880
634000
842580
1049540
1257060
153160
361000
568740
776240
945380
1154540
51600
259420
466400
674100
881360
1089620
1298140
195520
403300
613613
821880
1029420
1237180
134460
342220
550320
758520
966260
1173800
71020
278480
487120
694320
902840
1110060
6940
214400
422840
630480
838340
1046100
1254580
151485
360180
568460
779460
988140
1196140
93820
301620
508800
716620
924840
1131520
28660
236260
443480
651600
878920
1088160
1296440
192780
401280
609420
816815
1024820
1232060
128880
337160
546320
754260
962080
1170120
69220
276640
484140
692040
900040
1107580
4020
211200
419120
626700
834240
1042060
1249340
145620
353600
561300
769240
976800
1184460
81660
289420
496780
704820
912720
1121200
18700
226520
434320
642460
850200
1058720
1266800
166260
374700
541580
749920
957700
1164740
61900
269520
478000
685522
893300
1101120
1308180
204480
411640
619540
827640
1034920
1243040
139900
347360
555260
762940
970421
1177640
74618
282100
489860
697860
906100
1113840
10780
218800
426900
634980
843100
1052720
1260840
157560
366340
573380
780360
988420
1196440
93380
301380
507640
715500
923780
1130660
28080
235660
343400
551740
760260
966820
1174900
71640
279150
486780
694800
902120
1109520
6220
213760
421220
629400
837320
1045798
1252520
149340
357100
564902
773120
980660
1188040
84940
294720
503180
711740
920560
1128500
25980
234198
441580
648900
856360
1064837
1272500
169602
377878
585340
793560
1002380
1210100
106920
314620
522440
730380
938100
1145300
42480
148780
357380
565500
773060
981480
1189262
86020
293920
501820
710280
918180
1126500
23860
231900
440340
648500
856800
1064920
1273520
170900
379500
589720
797960
1006340
1213080
111260
320000
528140
736460
944498
1152840
49929
258240
466160
674600
882380
1091100
1299540
197080
404560
612198
820820
1029080
1236980
134200
341620
548780
755560
963340
1171460
69740
279000
486540
694200
902160
1110360
8400
216180
424320
632260
839780
1047520
1255500
152620
360260
568160
776020
984260
1192559
90680
298762
507020
716720
924300
1132180
29340
237340
445480
652880
860380
1068080
1276320
174220
382480
589660
797960
1006060
1214120
111520
319500
527641
735440
943220
1151500
48840
256740
464220
672020
879605
1061160
1270000
167360
375400
583060
791420
997900
1205540
102280
310800
519380
727120
935540
1142980
40400
248820
456580
664100
872460
1081340
1289640
186680
395360
603040
810940
1019520
1227960
124060
331300
538900
747000
956440
1165000
62660
271400
480340
689020
897340
1106100
3240
210620
418160
625360
833540
1041520
1249540
146580
354980
563960
772600
860820
1068720
1277600
174940
382340
590100
798023
1006020
1213360
110700
318280
525940
734860
943080
1150440
48480
255680
463960
672480
880100
1088680
1296140
193282
401320
608620
817400
1025140
1232960
130360
338100
545820
753840
960760
1168880
66400
274640
482720
690820
899040
1107120
3560
211140
419120
626600
834320
1042500
1253920
150940
359282
567100
679820
891200
1100260
1308100
205760
413120
621360
828980
1037620
1245340
141960
350020
557880
765880
974300
1181780
79260
287180
495720
703400
911460
1119900
17040
224700
433500
641680
849420
1058840
1267820
165560
373360
581320
788480
995560
1203720
101500
309040
516840
724900
932620
1140120
37420
244840
452740
660180
868340
1075760
1283800
181573
389380
619140
827420
1036580
1246420
143000
350220
558640
765800
974520
1181940
79760
287960
494600
702460
911140
1119020
15640
222560
430700
638840
849780
1057980
1265500
163300
371040
579160
787060
994760
1202100
98620
306900
514036
722060
929260
1135840
32600
240800
448100
655820
864100
1072520
1280680
177460
385320
593120
800720
1009320
1217000
113760
273760
482640
691180
898820
1107478
4640
212560
420700
629220
837160
1045080
1252680
149980
358380
566360
773900
982440
1190320
87560
295660
503360
711460
919320
1127600
25040
232160
440040
647760
855200
1063380
1271240
168600
377520
584920
793160
1001600
1210260
107260
314740
523020
731202
938600
1145900
43420
251120
458600
666680
873660
1081480
1289280
73480
282220
490200
700880
909560
1117820
15640
223880
432120
640400
848290
1055820
1263360
160560
367880
575760
782780
990300
1198060
95390
303020
511200
718200
926160
1133520
30380
238980
447080
654440
862038
1070360
1278060
175920
383920
591460
798940
1006120
1214197
109960
317640
525280
732820
940440
1148360
44940
252420
460940
668360
876500
1084860
1192198
89660
297860
505476
713080
920740
1128240
24560
232580
441120
649160
856700
1064400
1271640
168358
375700
583960
792340
1000080
1208118
105740
312740
521040
729360
936580
1144180
40600
247840
455420
662900
870820
1078140
1286300
182900
390500
597580
805900
1013560
1221940
119240
326960
534900
743040
950800
1158920
55875
266520
474640
682780
890278
997180
1206800
104080
312420
520580
729495
937600
1146440
44160
252700
460280
668200
876380
1084480
1292740
190000
397740
606340
815200
1022640
1231100
127380
334900
542220
750220
958200
1166518
63180
271100
478020
685940
893920
1101480
1309400
207040
415322
622560
830080
1038500
1247040
144220
352380
560280
767960
976160
1184600
82460
290240
498260
707420
939020
1149000
46840
254400
461600
669880
878240
1086380
1294720
191920
398820
606400
814840
1022780
1230860
128180
336060
544060
751260
959160
1166820
64260
272480
480620
687620
895780
1103760
1310660
207760
415740
623840
832080
1039760
1247740
144240
351920
559340
767320
974620
1182460
79260
287560
494924
702700
910940
1118960
16380
224840
434100
597540
806920
1017400
1225800
122720
331480
539500
747100
955420
1162780
59500
267020
475690
684360
892460
1099780
1307900
205700
413880
621660
828740
1036640
1243700
140780
347840
555500
763460
971020
1179400
76680
285180
494200
702380
909860
1117940
14160
221960
429560
637180
845100
1053420
1261760
157860
365400
573860
781840
990520
1198740
96020
304180
408920
617640
826360
1034320
1243520
140780
348280
556860
764340
971620
1179240
77140
284480
492020
700160
907280
1114320
11420
219400
427040
636120
843260
1050880
1259700
157000
364420
572640
780380
988497
1196960
93820
302620
510240
718160
925660
1133500
30500
238120
444580
652840
860840
1068600
1276660
173340
380780
588380
796940
1004940
1212720
110484
194720
404200
613340
821620
1029855
1237980
135280
343700
551880
760260
968700
1176420
73280
281380
489640
697820
905000
1112160
8840
219080
426580
634700
841420
1049060
1257220
153880
361400
568700
776520
984380
1191980
88780
296100
503480
711640
918960
1126996
23460
231220
438840
646740
854720
1062720
1271080
168640
376380
584760
792500
1000020
1208740
5060
214400
422540
631420
839660
1047640
1256320
153020
360486
568300
775780
984780
1192880
89780
297000
504640
711660
919560
1126380
23080
231804
438440
646560
854000
1061700
1270280
167940
375749
583280
791460
998660
1206780
104440
312720
520440
727620
935340
1143240
40380
248060
455300
661860
869720
1077540
1286220
183100
390880
598960
806100
1014020
1120300
18260
225660
432760
640420
847762
1055340
1263440
160140
367900
575500
783300
991400
1199400
97440
305000
512480
720580
928340
1135700
32980
240780
448620
655800
863160
1070680
1278880
175500
383020
591060
798860
1006280
1214000
110700
1094940
1310620
213180
422520
632880
841180
1050840
1259440
158980
367100
575440
784160
919700
1131560
29620
238320
447420
655980
865820
1074080
1281400
179100
386900
596520
804080
1011700
1219600
116160
323760
536400
745660
953580
1161340
58760
267120
474660
684400
892220
1099520
1307340
204460
411740
620520
829020
1039240
1247640
145340
352460
560000
767380
974540
1182440
78660
288200
495480
703880
911300
1119820
16180
224120
432240
639660
868540
1080300
1290040
187980
395960
604180
812420
1019720
1227460
124990
332880
540620
751200
959160
1166220
63420
271380
479080
686780
894040
1101940
1309700
206260
413740
621200
831400
1038840
1247180
144200
353000
561920
769687
977500
1185000
82000
289160
497440
705740
913960
1123740
21560
230060
437880
646580
854500
1063040
1271280
167760
375760
521140
730300
938020
1146015
43120
250600
460080
667600
875880
1084800
1293380
189660
397780
605980
813720
1022020
1230060
127700
335220
543081
750720
959040
1167060
64220
274600
482580
690260
898140
1105380
2180
209720
417800
626020
833860
1041840
1249620
147180
354320
562640
771660
979680
1186820
83940
291660
501900
709260
917500
1124920
22560
229780
326620
536320
745080
953140
1160920
58600
266040
473560
680615
888340
1096380
1304340
200900
408720
617020
825560
1036660
1244820
142220
349740
558700
767120
974140
1182580
80800
288141
496220
704720
913360
1121440
18380
225140
433000
641920
849100
1056400
1264040
162140
370140
577920
785260
993620
1203560
101360
308500
517220
726060
934640
1143000
39640
251560
463680
672500
880560
1089200
1297740
194240
401800
609680
817980
1025682
1233760
130800
338720
546500
755220
962760
1169860
66780
274260
484740
692920
899960
1107460
4600
212260
421140
629400
837980
1046260
1254940
152020
359660
567640
775680
984500
1192080
88740
296180
504720
712340
920720
1127900
25260
232940
440360
648000
855580
1062980
1251500
149440
358480
569060
776980
984360
1193320
90600
298340
506420
714680
922460
1130640
27920
235520
442820
651080
859120
1067220
1274800
171960
380000
587300
795040
1002924
1210400
107260
314440
522200
730497
938560
1146660
43440
251080
458040
666180
873680
1081560
1289400
188680
396500
604240
813020
1020040
1226940
124000
331680
539880
747020
954660
1163860
62040
270400
477860
686360
894820
1102580
600
208580
416480
624060
832240
1040460
1248780
145580
352860
560600
768380
976200
1183640
80840
288260
495960
704240
912560
1120060
17440
225380
433120
640500
850900
1059540
1267120
164980
373660
582180
790220
998198
1205660
103140
310880
519180
726640
934722
1143080
40240
248840
456960
664320
848660
1057680
1265480
162340
370180
577660
785960
993780
1201760
98480
306840
514540
722540
930420
1138040
35680
243420
452020
660600
869120
1076900
1286280
183540
392040
599420
807220
1014780
1225460
122800
330640
539780
748020
955740
1163680
60880
269020
476980
684180
892000
1100100
1308380
205828
414040
621660
829280
1037800
1245480
143820
351620
560000
647140
855620
1063820
1271800
169760
377480
585440
793200
1001160
1207900
104960
311567
519740
726920
934680
1141920
39360
247940
456240
664402
872960
1080500
1288980
186220
393360
601360
809820
1017400
1228260
125680
334380
542300
750500
958440
1166160
62120
270562
478320
686260
893940
1101160
1310020
207080
414240
622820
830500
1038000
1246020
142440
350200
457360
666080
875120
1083460
1291260
188680
396500
604680
813040
1020920
1228160
125040
333240
541300
749580
957620
1165056
62700
271320
479140
687480
896260
1104600
2040
210520
418580
627120
835400
1042940
1251060
148780
357080
564700
772920
980700
1188980
89660
297440
505560
714567
922880
1130000
27700
235360
443740
651860
858740
1066460
1273960
171480
399300
607900
817020
1024780
1233020
130220
338200
546360
754440
961900
1170260
67200
275020
482940
691950
900380
1109020
6880
214980
422260
629440
837960
1045700
1253720
151140
359120
567060
775100
983220
1191700
89200
297520
505760
713080
920800
1128280
25340
232980
440680
649006
857860
1064980
1273420
171440
380240
587500
795380
1002900
1210080
61820
270360
480500
689060
896020
1104560
1900
210180
418580
626960
835460
1042860
1251660
148940
357560
566080
774280
982420
1190360
88540
296660
505280
713420
921120
1128780
26360
233720
442400
650500
858220
1066760
1274740
172120
380240
588900
798080
1006300
1213880
111560
319500
527880
736960
945240
1153960
50100
257415
465160
671940
879620
1086600
1294820
193060
400120
607720
815680
1022900
1231360
128460
336200
543560
751260
958840
1166760
64840
272340
479760
687180
894880
1102880
600
208260
416660
624720
832520
1041000
1248740
148120
356000
563620
771320
979240
1186280
84380
292280
499760
707200
914700
1122340
19020
226580
435620
642220
850620
1058060
1266100
164260
371880
579780
787540
987360
1196980
95240
303480
511560
721160
929220
1136900
33580
242400
451340
659420
867300
1075540
1283440
179980
387540
595480
804180
1012740
1220000
117900
326420
533960
742320
949520
1156560
52880
260540
468180
675560
883280
1090860
1298580
195840
403680
611760
820320
1027420
1234480
131620
339420
547040
754860
962240
1169600
67080
274040
482420
689700
781060
990280
1197340
94220
302380
510400
717820
925860
1132940
32640
240920
449960
658889
867580
1076260
1283920
181040
388869
596120
803360
1011880
1219700
116340
324840
532973
740640
948340
1156800
53620
261520
468880
677040
884500
1092500
1301260
198640
406580
614820
823000
1030618
1238220
135280
342880
550180
757460
964720
1172860
70140
277580
485200
591600
801080
1009440
1217240
114820
322400
530120
737260
944900
1152320
50320
258500
466838
674820
883398
1090760
1298260
195440
403280
611140
818980
1026580
1234340
131640
340000
548340
755640
963540
1172040
68880
276560
484960
693673
901620
1108640
6320
213640
421720
630020
837280
1045560
1252820
149980
357520
565360
772960
979940
1187820
84200
291520
387740
595420
806460
1014560
1222480
119720
327660
535010
743560
951020
1158780
55740
263520
470880
678620
886580
1094040
1302300
198960
406940
615340
823320
1030880
1239100
136560
344160
552500
760640
969100
1177140
74600
282740
490220
698600
905660
1114120
11280
218900
426540
634700
842420
1049880
1257720
155060
362920
571240
779440
987160
1195080
92480
197900
406120
614640
822320
1030400
1237920
135920
344280
551840
759480
966600
1174380
71340
278750
486260
694000
901460
1108680
5920
212920
420140
627400
834900
1042580
1249880
146640
353780
561001
768560
975520
1183622
81320
289840
497640
705660
912920
1120420
17880
225140
432520
640800
848280
1056840
1264820
162100
371960
580080
787560
995140
1202440
1308540
206320
414600
622580
830460
1038000
1245400
144280
352200
559873
767780
974620
1182320
78460
286560
493220
701460
909540
1117400
14660
222000
430720
638540
845900
1054040
1261780
158340
366000
573760
781280
989880
1198120
95360
304320
513320
721020
929120
1136740
33080
240700
448880
656120
864280
1073300
1280660
177880
385820
594260
801580
1009400
1105760
3780
212520
420760
627380
835100
1042480
1250940
147801
356160
563840
772100
980800
1189520
87540
295140
503300
711480
919560
1127640
25340
233020
440540
648100
856560
1063800
1270600
168000
375220
583360
790020
998040
1206680
103720
311680
519420
727000
935100
1143480
40940
248700
456280
664220
872580
1080565
1288340
185740
393500
600960
808680
917080
1125920
22720
230580
438580
646860
854320
1062100
1269760
166740
374440
582320
790820
999360
1207420
105100
312840
520980
728620
936420
1144500
40560
248020
455020
665100
872980
1081480
1289440
186360
394540
602720
810920
1018260
1226020
122600
330440
538378
746320
954080
1161940
59400
267640
475280
682800
890560
1098498
1306280
202520
410460
618140
723200
932640
1141400
38840
245920
453480
661760
869520
1077780
1285020
182380
390500
597840
805480
1013520
1221580
118080
325960
534000
741800
949120
1156480
53140
261000
468460
675860
883580
1091520
1299480
196440
404220
611560
819320
1027040
1233900
129900
337540
545600
752800
960240
1167440
65160
273600
481260
688540
895980
1104060
1060
209080
416660
523460
731880
939520
1147060
44678
252040
459500
667440
875260
1082240
1290162
187040
394360
601100
808520
1016740
1225100
122380
331480
539560
747940
955800
1163280
60621
268275
476060
684780
892960
1101280
1309120
206700
415200
622260
830300
1038600
1246940
143240
351260
558840
236320
451160
661540
870100
1079600
1288660
186440
317040
528060
736380
944580
1152400
48920
258600
467860
675720
883500
1091300
1300720
198020
406320
614100
821240
1030340
1237740
135100
341980
549840
757440
968720
1177580
75060
282900
490860
698860
906780
1116480
13100
220400
427480
635280
843040
1050360
1257900
157520
365480
572860
780100
988220
1196180
92660
300140
508140
718740
926220
1135160
33480
241960
451000
659920
868580
1076620
1284980
185200
393880
602920
810360
1018980
1228000
125240
333260
540560
748120
956117
1166120
62760
270880
479120
686517
894280
1102420
1310640
207500
416140
624140
831980
1038960
1247820
145020
353500
561620
769900
977960
1186580
83500
291900
500020
708100
915580
1123320
20680
231200
439560
647960
855680
1064858
1237400
135200
343820
552600
759820
968160
1176280
73340
280562
488220
696060
906060
1114180
11420
219680
427080
634900
842380
1050640
1258780
155740
364020
571680
779640
987220
1196380
93500
301840
510160
720420
928600
1136960
34160
241380
449240
658120
865980
1073520
1282340
180340
387760
595280
803540
1011980
1219380
116320
324000
532300
739980
950240
1158460
56680
264620
472260
680040
887580
1095158
1304460
201880
410080
618340
826360
1034740
1242160
140200
348400
556580
764760
972580
1180920
78500
288380
497009
704380
912120
1119800
16700
224720
432320
640200
848160
1055400
1263600
159720
366760
574880
782000
988580
1195820
93280
300980
508740
716640
924460
1132380
29020
236840
446820
655080
844560
1052780
1260400
158060
366800
574460
781520
988760
1196040
93100
300920
508480
717220
924540
1132500
28740
236580
445260
653820
861620
1069480
1277320
174480
382540
590040
797752
1008120
1216820
114580
322520
531220
738080
945780
1153760
50140
257960
465380
672420
879880
1087380
1295060
192460
400800
608820
816200
1023440
1230780
127360
334520
542120
644940
852740
1060549
1267940
163460
370540
577969
785360
995120
1202140
98160
305520
512740
720500
928520
1136500
33460
241080
448760
656400
864360
1071740
1279500
175360
383240
590220
796940
1004580
1211860
109098
316580
523980
731360
940100
1147580
44560
252700
460540
667660
874920
1083360
1291700
188800
396460
606020
814280
1022700
1230600
127360
334900
461400
674200
883700
1092780
1300580
197398
405620
613602
820680
1029520
1237480
135320
343800
551660
759980
967480
1175740
73400
280760
488840
695700
903240
1111060
8004
216100
423860
632140
839120
1046880
1254780
151900
359860
568080
775740
983340
1193980
91540
299380
507280
713840
922880
1130620
27880
235740
443000
651220
859560
1068380
1276380
173220
445920
657960
866920
1075280
1284120
180940
388480
596720
805500
1013820
1221380
118100
326000
533600
741320
948980
1157140
54100
262100
470080
677140
884900
1092440
1300900
197460
405020
612520
820360
1027840
1235560
132560
342720
550560
758560
966260
1174720
73080
280560
488580
695740
903700
1111860
9060
217080
425480
634000
842022
1049740
1257420
57600
267360
475440
682980
891440
1099380
1306780
204400
412360
619300
827060
1034320
1242040
138800
346360
554140
761740
969140
1175920
72460
280320
487840
694740
902513
1110100
6540
215600
423320
630920
838140
1046220
1253140
150580
361060
568340
776000
983840
1191460
87860
295575
503780
711040
919320
1128020
25420
233580
442060
649929
857980
1065100
1171960
70440
278400
487380
695420
904220
1111680
9100
217180
423980
631620
838996
1047060
1255100
151960
359480
567940
776020
983620
1191060
88000
295280
501480
709354
916920
1123940
20780
228000
435620
644100
852220
1059660
1267260
163580
371720
579240
786380
993520
1199960
96460
303380
512980
721720
929060
1137100
33120
240700
448360
655317
862800
975180
1184440
81620
289940
498340
705580
912620
1120140
16760
224140
431860
640440
848060
1055040
1263122
158780
366780
574640
781740
988780
1195720
92360
299740
507460
715700
924420
1132980
29820
238140
445780
653840
861420
1069160
1277420
174660
382100
590000
797520
1004860
1212700
110060
317360
524260
732540
939840
1147300
43220
250120
457320
665560
779140
988160
1196300
93700
301580
509680
719480
927140
1135080
31560
239480
446500
654360
861800
1069460
1276740
174220
381960
590420
798300
1005440
1213660
109950
318800
526480
734020
941340
1149760
47140
254440
462100
669280
877300
1084802
1292340
189700
397380
604560
812040
1020200
1228402
125700
332120
539700
746740
955260
1163040
60560
268260
475924
582900
791500
999260
1206900
104240
311720
519380
726820
934700
1142780
40929
249380
457020
664120
871340
1079580
1286800
184300
391580
599280
806160
1013880
1221460
120120
327700
534600
742100
949320
1156400
53380
263620
470920
679200
886520
1094620
1302420
199760
408300
616540
824020
1032080
1240360
137420
345900
553620
760760
968640
1176400
72860
281040
387920
596320
803840
1011740
1219160
115560
323080
531520
738840
945440
1153840
50580
257080
464400
672420
880020
1087700
1295480
192220
399480
606850
814980
1023480
1231880
129100
336360
543500
750980
958100
1165120
61720
268600
476720
684960
892500
1101060
1308220
205280
412580
621080
828800
1036220
1243478
140560
347740
554740
762300
969540
1176400
73660
198300
407760
616340
824960
1033120
1240720
138080
345820
552820
760920
968840
1175860
74720
281800
489460
697440
905240
1113900
11140
218720
426520
634760
842500
1049800
1257780
154540
362180
569340
777920
985880
1193780
91160
298140
505900
713740
921940
1129500
27060
235320
444040
652400
860620
1067580
1275280
172700
380140
587340
795020
1002940
1210560
1306480
204260
411460
619120
826700
1034460
1241680
139140
347460
555640
763460
971680
1179380
75340
282600
489480
697180
905340
1112200
8700
215940
423200
630660
838220
1044840
1252280
149840
358400
565180
773580
981040
1188280
84940
292220
498760
706420
913640
1121340
18040
225200
431640
638860
845760
1053100
1260060
156800
363720
571080
777980
985760
1107080
5360
213300
421260
629000
838620
1046920
1255540
152300
361060
568000
775940
983960
1192440
89580
296440
503300
710880
917660
1125660
23280
231040
438300
646860
854960
1062600
1269660
166320
373820
581860
789900
997380
1205120
102760
310040
517520
725140
933240
1140560
37282
244820
452280
659560
867380
1074680
1281420
179360
386620
593620
801820
910080
1121540
19800
228510
435940
643460
851000
1058420
1266160
164380
372580
580060
787140
995340
1202500
100080
307900
515560
722540
929680
1136820
33740
242580
451060
658680
865820
1073660
1282060
178900
386200
594100
801400
1008280
1215980
112900
321360
528280
736500
943800
1152140
49120
257440
465100
673180
881640
1090240
1298360
196220
405240
613820
709500
918020
1125860
23520
231520
440020
647920
855900
1063540
1271420
171200
378920
586780
795080
1002320
1210740
108140
315420
523340
730600
938140
1145540
43200
251120
459400
667380
876140
1083780
1291580
188680
397320
605520
813600
1020920
1228740
125940
334160
542200
750200
958120
1167160
63780
271860
480080
688418
895560
1103320
700
208480
416460
514300
723420
930400
1137600
34660
242280
449620
657400
864960
1072520
1280360
177060
384380
592580
800520
1009020
1216280
113580
321420
529420
737000
945280
1153460
50160
258000
465640
673880
881900
1089180
1297340
194422
402640
610080
818642
1026120
1233440
130300
337580
545060
753120
960924
1168598
65500
272740
480800
688560
896300
1103800
1580
208780
318280
526720
734580
943020
1151300
48200
255400
463880
671000
878500
1086760
1294180
191260
398520
607060
814860
1022860
1230880
127820
335540
543780
751580
959560
1167420
64440
272780
480620
690860
899398
1107600
4520
212340
420322
628140
835800
1042820
1250100
146800
354600
562340
769960
976740
1183420
80564
288260
494980
702460
910100
1117560
14660
121240
329560
537860
745084
953200
1160660
58682
267540
475140
683440
891360
1099620
1307660
204322
411100
618180
825740
1033180
1241120
139200
347280
554980
763020
970680
1178240
75140
282380
489920
698700
905800
1113380
9807
217980
426100
634360
842380
1050460
1259040
156020
363400
571000
779740
987080
1195540
92000
300160
507980
715120
923500
1131620
90620
304420
514480
723900
932595
1140270
37400
245100
453600
660840
868962
1076780
1284900
181560
390375
598800
807560
1015500
1223280
120400
328757
536677
744160
952260
1160020
57440
264200
472980
680860
888920
1096840
1305120
202760
411440
619480
827200
1035940
1243580
140520
349120
557160
764960
973500
652960
867740
1042260
1253380
153600
362100
570720
778720
988680
1197480
95420
303500
511660
721160
929560
1137520
35120
243960
454080
661877
870800
1079100
1286500
184820
392820
600220
808020
1015740
1223800
125620
334120
542040
749600
957840
1165280
62080
272380
480840
688200
896560
1105200
2480
210100
417820
626460
834320
1042200
1250300
148100
355980
562980
770600
