ro_data
155520
413160
633020
846120
1060000
1271020
170440
380380
593680
805820
1015660
1225000
126780
336860
546640
756060
965320
1177522
76420
285380
495500
704960
914060
1126180
24720
234020
443340
652400
860980
1080220
1290360
188480
397880
606740
816100
1025460
1240940
138900
347440
557000
766216
975240
1184780
84020
270320
480240
689980
898300
1106920
4335
213780
421420
629540
840640
1049580
1257760
155764
363560
571260
779940
988120
1196420
94540
304660
513560
722040
930040
1137840
34780
242960
451020
658640
867025
1075820
7120
216860
425340
633580
841920
1050860
1259920
158500
368200
577240
785080
994000
1204460
102680
310700
519160
728520
936320
1143842
67840
277640
487220
695820
904100
1111900
9720
219780
429300
637700
846840
1054780
1263380
161260
369600
578580
787720
996580
1206080
104388
313020
521240
729240
939880
1149160
47540
256000
463920
671400
879600
1087320
1295940
192940
401300
610020
818040
1026580
1235560
133560
340440
548640
759020
967540
1176520
74540
282460
491480
700180
908360
1117000
43340
251300
460200
668480
876720
1085220
1292640
190540
398980
607020
815780
1026100
1235860
133580
343442
551980
761220
969120
1177480
73820
282100
490140
698560
907220
1114860
12280
220680
429540
637680
846280
1055200
1263600
161160
369560
580260
789040
997700
1206280
103540
311980
519880
728120
936360
1145220
43180
252100
460540
668380
876520
991180
1200781
99500
308400
517900
726520
934560
1143180
41000
249720
460040
670240
879420
1087620
1296095
193860
401900
610120
819080
1028280
1236480
134407
342440
549680
758140
966240
1174200
71840
279940
487940
696540
905540
1113240
10160
218620
427200
635840
843700
1051200
1261840
159880
367840
575000
783100
990800
1199540
97080
306180
514520
723400
955340
1164500
62680
271100
479260
688800
896540
1105740
3380
212360
420940
629520
837640
1045860
1255760
153420
360960
569660
778600
986780
1195620
96820
305260
513100
721580
930180
1138720
37020
245680
454780
663480
872280
1081840
1290180
189300
397120
606480
814900
1023500
1231680
128420
336280
544180
753180
960620
1168200
65540
274700
483220
599120
809880
1019700
1229480
127440
335760
543782
751920
974840
1184220
81640
290640
499460
707040
915820
1125100
22780
231320
439520
647820
856140
1065120
1273240
171740
380960
588940
797620
1004940
1213980
111360
319660
528120
736460
943940
1151720
49380
257420
466260
675040
883080
1091400
1299680
197000
404920
612940
820280
1028600
1236760
136300
365960
577640
787200
995540
1203740
101720
310280
517780
725620
933420
1141760
38960
247560
455860
665100
873884
1082880
1291840
189800
397940
607320
815820
1024020
1232360
131520
340620
549600
758980
967660
1176460
75260
283360
490780
699400
908180
1117000
15160
223520
432040
640560
849600
1057560
1265300
163320
370740
580600
789920
998300
1207360
106060
338940
548940
757820
967040
1175060
73640
282400
490680
699300
907340
1115420
12860
221848
429980
638320
846640
1055140
1264140
162840
371580
580880
789900
998060
1207340
104720
313320
522640
730920
939480
1148660
47280
256178
465120
673960
882080
1089580
1298600
196640
404260
612940
821600
1030580
1239200
136460
345460
553480
762320
973280
1182180
4480
214480
422400
631900
840100
1049660
1259040
157540
366060
574300
783600
991780
1200900
98740
307680
515900
723620
932440
1140980
38500
247120
455540
664360
872620
1081620
1289960
188060
396740
605720
814360
1023140
1232180
129760
337684
546840
754920
963760
1171980
70340
278620
486640
694920
903240
1111460
9080
218100
426040
634260
842960
1051020
1281760
179900
388090
596440
803600
1011780
1222020
121280
330400
539000
747420
956220
1163820
61480
269860
477760
686680
895460
1103340
1420
210660
419460
628380
837220
1044320
1253100
150800
358820
567460
775740
983680
1191700
88980
298220
506020
713900
922340
1129240
25960
233560
441800
650700
859300
1066380
1274660
171960
380400
588609
795740
919500
1129520
28420
237120
446080
654620
862960
1071340
1280280
177860
386580
596098
804300
1012640
1220780
118660
326860
535200
743540
951440
1159440
58340
281820
491800
700100
907940
1116266
13160
221080
429040
636980
844860
1053420
1261460
159700
368680
577480
785760
994040
1202760
100560
308100
516294
724860
933480
1141620
38540
246860
454740
684300
895400
1103660
1720
210540
418180
626940
835440
1043740
1251160
148500
356420
565300
773740
982460
1190720
89320
297620
505300
713360
921920
1130040
27960
236040
444460
652860
861180
1069540
1278300
175820
384460
592620
801140
1009400
1218160
115380
323300
531380
740600
949800
1158060
56082
264140
471740
680320
888140
1099360
1308674
206020
413400
527880
738700
948100
1155282
53220
260060
468920
676320
885040
1092780
1301020
198520
407160
616580
824600
1033300
1241360
138740
346720
554940
762900
971840
1180060
77840
286080
495640
704340
913660
1122860
19880
228380
436540
645320
854120
1063720
1272800
170598
377740
585720
793160
1000420
1209656
107580
316620
524796
734400
941540
1148980
45860
254140
484300
693680
902180
1110680
8860
217100
426440
635360
843200
1051400
1259440
157140
366060
574500
782560
991100
1199640
98240
306220
514960
724360
932740
1141640
38640
245620
453280
661620
869440
1078600
1288820
187362
396020
604900
811580
1020220
1227780
124960
332880
541560
750100
958200
1167080
64020
272480
481000
689440
898780
1108360
6180
131940
342880
552000
760540
970180
1179480
77700
286720
495160
704120
912400
1120920
19420
228180
437500
645760
854960
1064460
1273000
171100
380620
588300
796720
1004620
1212800
111720
319580
528000
736080
944380
1152900
51180
259300
467960
676640
884740
1093420
1302060
199940
408860
617760
825200
1034400
1242880
141080
348920
557100
765520
973840
1201200
102918
312020
520260
729095
938020
1146140
43840
252140
460680
668320
876840
1085080
1293320
191218
398300
606620
815600
1024020
1231760
129556
338320
547720
756800
981160
1190680
88960
296896
505800
714460
924320
1133080
30260
238840
447860
656160
864640
1073580
1282590
180560
389960
598200
807160
1015920
1224660
122540
331000
538800
747380
954800
1187460
86180
295600
504900
713220
921320
1130140
28720
237180
445760
654900
863780
1072060
1280140
177660
385960
595220
802840
1010820
1219500
117420
325720
534360
742920
951280
1159840
57500
266300
475320
683240
891360
1099700
1308420
206340
415300
623200
831940
1042060
1250720
149140
357340
566120
774600
983700
1192320
90180
298180
506700
714800
850140
1061420
1270260
168960
377453
586300
795620
1004280
1212340
109220
317800
526720
735842
944343
1154120
51600
259200
467220
675620
883900
1092340
1301060
198560
407340
615660
823580
1031900
1240420
138620
349080
558722
767220
975520
1183860
81900
290460
499200
708612
917000
1125800
23860
231842
440460
648360
857060
1066040
1274080
171660
379680
587640
819560
1028760
1237180
135320
342940
551220
759280
967630
1176080
73720
283060
490800
698060
905960
1114840
12200
220820
429240
637460
846000
1053800
1262320
159780
367040
575580
783980
992420
1200666
98560
308080
516640
725140
932720
1141460
39040
247800
456480
664980
873300
1082100
1290900
189480
399620
608300
816880
1025120
1233620
131200
339020
456120
666160
875580
1084700
1293460
190420
399720
608780
817460
1025580
1232837
131140
339560
547640
755400
963780
1172160
69760
278040
487080
694900
903420
1112480
10360
219000
427420
635460
844300
1053240
1260620
159060
367740
576580
785620
993940
1202240
100200
308140
516040
724600
932560
1140460
37200
245860
454460
663300
870880
1080000
1302758
221620
433240
642540
850800
1059640
1268000
164880
372740
581600
790660
999440
1208200
105580
314020
522640
731380
939560
1148020
45560
254300
462980
671480
879260
1087340
1295380
193160
401080
611080
819540
1029380
1237920
136080
345080
552940
761060
969340
1176780
74920
283000
491160
700220
909180
1118000
15220
223180
430880
639080
847300
1055200
1263080
66920
276860
484920
693520
902140
1110820
8420
216260
424340
632360
840620
1049180
1257720
155380
363780
573020
782440
990580
1198600
96700
305180
513740
721680
930300
1139040
37460
246060
455220
663300
871820
1080600
1289420
187440
396100
604180
813100
1021340
1229520
127120
336000
543480
751120
959560
1168740
65860
274460
482780
691920
900600
1109660
31140
240220
449380
658240
866920
1075680
1284000
181797
390320
598600
807280
1015700
1224400
121798
485240
703540
916520
1127800
29520
239060
447922
657220
868120
1077060
1285800
183520
392680
603140
812380
1021220
1229440
127680
339120
548100
756260
965700
1174820
74720
283340
491740
700000
909180
1144540
48440
258860
466780
675100
883780
1091960
1300580
200440
408900
616300
824920
1032560
1241580
138860
347060
557600
766380
975340
1184000
81260
289460
496800
703840
911600
1121560
18740
227762
436400
644680
852500
1060588
1269580
167080
375600
585440
793860
1001640
1209580
106760
315020
523420
731880
940560
1148420
46120
256700
465520
673240
780260
990900
1200120
98380
306900
515540
723660
932080
1140500
37400
248600
457360
665860
873940
1082380
1290920
188740
396920
606300
815700
1023800
1232220
130540
338860
549558
757620
965620
1174540
73000
280900
489200
698620
907257
1114900
13340
222140
430140
639120
847340
1055340
1266560
163580
372557
581020
789240
997380
1205060
102100
310680
519561
805360
1015720
1224340
121860
330620
537840
745160
953320
1163620
61540
269800
478020
686200
893580
1101680
1309300
207600
416020
623324
831800
1039380
1248120
146120
354380
562880
771240
979940
1188800
88560
297460
506080
714220
922200
1130124
27660
236540
444980
652680
861080
1068400
1275760
172420
379780
587780
795260
1002840
1210920
107820
315920
549860
760280
968980
1177280
75280
283900
492480
700540
908260
1117420
14420
222500
430240
638438
846720
1054420
1263180
161200
369980
578020
785840
994280
1203100
100320
307535
515160
723480
933280
1141320
37940
245560
453080
660980
869480
1076940
1285300
182820
390660
598680
806420
1014400
1223260
120502
327480
535240
743780
950980
1159000
56040
189180
399560
608500
816220
1024420
1232100
131240
339440
547640
756000
964200
1172540
70340
278260
486560
694260
902860
1110880
8060
216380
424920
633080
841900
1050000
1259060
156520
365100
573260
781520
989820
1198600
96540
305540
514480
722200
930460
1138480
35720
246880
455880
663640
872080
1080040
1288540
185700
394240
602540
811340
1019380
1227540
147620
358160
567100
774940
982740
1190480
87860
296060
504100
712620
920540
1128120
25600
233560
441280
649240
857000
1065318
1273240
170700
378880
587500
795860
1004520
1214760
112760
320820
529940
738520
946980
1154360
51860
259780
467260
675760
884780
1093220
1301120
198120
406320
614440
822460
1030380
1238100
136140
343920
551540
760120
968040
1105980
4698
213460
421740
630900
839360
1046962
1254640
152134
360060
568400
776720
984200
1192095
90500
298060
508180
717780
925160
1133580
30620
238100
446040
654020
862560
1070460
1277740
174758
383320
591960
801540
1008800
1217140
114680
322720
531340
739360
947080
1155480
52860
260960
468800
676740
886100
1094780
1303000
200960
409100
616920
824380
1055380
1264000
161240
370520
578840
787080
996380
1204640
101680
309300
516780
725780
935360
1144440
42240
250400
459300
666660
875040
1084400
1292600
189700
397020
605160
813200
1020820
1228560
127300
335360
543420
751320
959560
1167720
64880
272020
480220
688336
896140
1104920
2720
210360
418860
626540
835740
1044160
1252860
150620
358900
567060
708980
918900
1127500
25360
233940
442520
650660
858780
1066840
1276280
173682
381600
588560
795920
1005780
1214560
112300
320780
529220
737340
945340
1154440
52900
260800
468840
676640
884800
1092020
1299880
197160
404380
612100
820640
1027800
1235720
133340
341900
550260
757260
965180
1173140
69840
277360
485080
692640
900140
1107520
5540
213360
420540
651460
860322
1068660
1276680
174860
382240
589920
797200
1005920
1213880
111660
320280
528880
736580
944960
1153320
49800
258000
466440
675100
883000
1091420
1301600
199580
408220
616420
824060
1031520
1239700
137280
345560
552660
761180
968920
1176680
73780
282000
489340
697220
904600
1112680
10120
218120
425840
634380
842040
1049300
1257300
154080
311620
522500
730880
937820
1145540
42380
249620
457700
665620
873560
1081760
1289900
188140
396440
605580
814160
1021400
1229680
127000
335120
542820
751280
960000
1167600
65320
273180
481120
690089
897220
1105380
3520
211960
420340
627560
835640
1043440
1250920
147960
358460
567260
775400
983260
1191080
88300
296340
504300
711620
919160
1126500
23580
252700
461980
669460
878140
1086240
1294040
191318
399340
608220
816420
1024900
1233140
130960
339300
547220
755120
963240
1170620
68320
276720
485020
693020
900724
1108640
5980
213720
422049
629940
837680
1046500
1254260
151460
359820
568340
775840
983380
1191320
89325
297140
504920
712840
922180
1131140
30198
238700
447340
655800
863500
1071440
1226360
125760
334360
542480
750460
958160
1166800
65220
274160
482180
690160
897760
1105658
5140
214480
422840
631820
840020
1047780
1255860
152700
360500
568740
776860
984882
1193080
90620
298240
506620
714640
922080
1129500
27620
235880
444167
652680
861540
1070200
1278740
177060
386520
595814
804380
1013620
1222120
120540
328900
536920
744640
952440
1182880
80180
288580
496740
704680
912540
1121840
20260
229760
437800
646780
854500
1062430
1270900
168520
377500
585260
792440
1000160
1208620
106100
313320
520820
729040
937122
1145080
42000
250280
458520
667000
875878
1084200
1292540
190540
398560
606280
815200
1022840
1231580
128640
336580
544860
753160
961620
1170220
68920
277474
486020
694120
831200
1040540
1249000
146954
355380
564160
771920
980800
1188880
86000
292280
501020
708540
916160
1124780
22780
231140
440100
647620
856120
1063280
1271740
169840
378320
586220
794260
1002600
1210580
108620
317500
525580
733720
942800
1150826
48620
256940
465060
674580
882360
1091400
1299360
196500
405060
612740
820640
1028000
1236080
133040
341380
550800
780480
990002
1197600
94920
303460
511780
719580
927840
1135080
32400
239700
447800
656882
864300
1071860
1279880
177060
384420
592160
800220
1008020
1215780
113080
321120
529300
738060
946000
1153540
50580
258740
466020
672980
880700
1088740
1296840
194380
403404
610600
818940
1029820
1238060
135602
343460
551800
759840
967280
1175340
72180
279680
432080
644060
853060
1061440
1270260
168140
376280
584560
791980
1000320
1208600
106640
315060
522780
731328
939760
1148380
46140
254540
462920
671000
879940
1087780
1296460
193520
402660
610940
818700
1027940
1236200
133520
341600
550020
759080
967238
1175900
73620
281600
490020
698060
906620
1115120
13400
221700
430140
638660
846880
1053480
1261600
159100
390220
599720
808200
1015560
1224420
122140
330920
539120
747420
955700
1164140
62040
270080
478140
685687
893900
1102760
1524
210320
418140
625960
833660
1041300
1250020
147460
354920
562540
770440
977920
1185660
83300
292420
500500
707660
916116
1123480
21780
229520
437840
645960
854840
1063522
1272080
171860
380500
591340
799740
1008000
1216160
39348
249620
458820
667040
875202
1083580
1293080
191340
400320
609260
817420
1025740
1233140
130680
338520
546000
754420
962820
1170420
67860
276480
484540
692280
900860
1109980
7440
215880
423760
631700
840300
1048460
1256340
153880
362260
570820
779360
987620
1196060
92900
301460
508860
717360
925580
1133740
31602
239500
447960
656220
864120
1072765
1303980
202240
409840
617400
825440
1034280
1242540
138920
346660
554420
762040
969800
1177520
75380
282333
490400
698320
906860
1115160
12340
221000
429360
638000
845500
1053460
1261460
158500
367560
575720
783020
990720
1198440
96780
305280
513560
722100
930200
1138180
36900
244440
452800
660400
868560
1076240
1284880
182600
390760
599260
808498
955500
1165380
63140
271220
479740
688120
895680
1104580
1780
209360
417480
625840
834160
1041860
1252440
150120
358320
567120
775820
984320
1192420
90140
298340
506520
714580
922960
1130340
28040
236860
445640
653260
861860
1069360
1277240
174680
382540
590180
798020
1006160
1214940
112940
321240
528760
737040
944920
1153120
51360
258800
466860
675240
906080
1115960
14100
222720
431600
639680
847820
1056800
1265500
162580
370900
579260
786680
994320
1202900
100680
309840
518500
726560
934860
1142680
40680
249040
457800
665760
874680
1082880
1290720
188340
396660
604580
812840
1020540
1228440
126500
334760
543280
751300
959700
1168122
65720
274800
483620
691840
900600
1108620
5880
214840
422940
562260
773620
983340
1191460
89820
298697
507600
717220
925580
1134020
31640
240720
449240
656920
864820
1073360
1281240
178880
386680
594660
802240
1010820
1218840
116340
325020
533300
740960
949440
1158600
55560
1057020
1274600
175500
386620
595540
806380
1015460
1224860
122860
332400
540700
749300
957860
1168060
65820
274500
504880
715400
925160
1134320
32260
240160
448080
656180
865880
1074640
1282500
179740
387480
595620
808600
1017380
1225340
122900
330500
538800
746600
957340
1166276
63340
272600
480360
688360
897340
1105580
6000
213620
421840
629980
839380
1047960
1256440
154360
362800
572927
781300
989460
1197420
95760
304980
513720
722320
931000
1140240
40100
167920
378260
587680
795673
1003540
1211480
108860
317540
526020
735000
946040
1154940
52920
260640
469480
678280
887500
1095360
1303840
201120
409560
617655
828680
1036860
1245140
142960
350460
559400
767122
974420
1183060
81300
289780
498060
706500
914920
1125540
22700
230540
439020
646740
854820
1062000
1270520
168200
376060
583760
791320
999300
1208360
129200
337500
547780
756680
965700
1173580
71660
280100
488140
696120
904500
1112900
9680
218640
425920
633500
841140
1049280
1257520
155440
366480
576220
786000
994800
1203700
101240
310320
518820
726160
934120
1142200
39180
246920
455720
664580
873020
1081100
1289340
186916
395282
606780
814820
1023480
1232140
129940
338140
545260
752620
961120
1084580
1295140
192720
400840
609740
818500
1026800
1234240
132320
339780
547980
755600
962940
1171100
70920
279180
487260
695080
902720
1110780
8780
217500
424880
632740
840900
1049040
1257080
153820
361818
569380
776920
985320
1192567
89300
297376
505340
713020
921720
1129980
29540
238180
446580
655080
862700
1069400
1278100
176020
383900
591340
799080
1029842
1238700
136480
344440
552060
759660
966902
1175000
72900
280980
488620
697020
905660
1114580
11560
220140
428780
637240
848540
1057280
1265600
162780
370760
578880
786560
994960
1203238
100849
309922
518140
725620
933300
1141120
38820
246120
453940
661580
869540
1077640
1286200
183800
392560
601045
809560
1017680
1226240
123500
331460
539273
722373
936489
1146600
45520
254180
462140
670320
878460
1086820
1294260
191520
400320
608480
817600
1025280
1233940
131280
339480
546800
754540
961362
1169320
67140
275060
483060
690780
898780
1106500
3880
211880
420560
629800
838360
1046600
1255240
152240
360660
571100
780320
988780
1196780
94040
302620
511080
719680
927240
1135160
32780
240940
468620
678560
887520
1095640
1303400
201260
409520
617077
825300
1033400
1242140
139700
347640
555400
763680
971480
1179040
76100
283660
491840
700080
907520
1115300
11960
220540
428960
636880
844360
1054540
1263020
160040
369440
577080
785440
993260
1201180
98340
306160
515560
723460
931640
1139960
37240
244740
452600
660660
868740
1077660
1286300
184360
301000
511280
720140
928580
1137380
35640
244040
453300
661340
870160
1078700
1287320
184960
392860
600140
808620
1017240
1226460
124720
332660
541100
749720
958640
1167720
68160
276880
484300
692300
899960
1108420
5660
214520
422540
631140
839320
1047460
1256140
153740
361780
570100
777840
985780
1193660
90220
298820
505920
713520
921740
1129440
27500
258800
467680
675860
883440
1090260
1298480
195780
403420
611540
819800
1028460
1237260
134420
342120
550180
758180
965400
1173820
71720
280180
487510
695442
903180
1111700
8962
217400
427040
635360
842900
1050160
1257840
155180
363260
570820
778340
985680
1194420
92100
300173
507360
715680
923800
1132120
29000
237460
444660
652480
860800
1067880
1211460
110900
319680
527940
736620
945360
1153800
51980
259440
467720
675680
883960
1091820
1299180
196360
405160
613200
821180
1028960
1236520
134200
340520
547840
755800
963300
1170700
68320
275640
483580
690500
897960
1105200
2460
210520
419560
630880
840260
1049420
1257100
154300
361500
569720
777500
985260
1193120
90660
298260
505900
713780
921940
1151340
50580
260060
468080
676480
885520
1093720
1301680
199220
406640
614220
822640
1030740
1239380
137380
345300
554140
761900
970440
1178840
76500
284460
492240
699700
907780
1116140
13620
221540
428900
636900
844520
1051660
1259120
155920
363400
570840
778780
987240
1195280
92060
300240
507040
714480
922320
1128700
25500
234280
442340
650280
816860
1028740
1237640
134960
343060
551060
759334
967800
1175820
73362
281100
488820
696564
905140
1113220
9960
218420
426680
634440
842400
1050100
1257720
154160
361480
568640
776422
984020
1192080
89480
297340
504740
712560
919740
1128480
26180
233620
441880
649640
856760
1064420
1272660
169500
376720
584540
791920
998840
1206740
105080
312800
520480
728760
938300
1146620
43560
251860
459620
667240
874480
1081840
1289440
186740
395060
603160
810900
1018880
1227220
124360
331840
539500
748080
956120
1163060
59940
267200
476500
684920
892680
1100040
1308820
206720
414460
622100
829720
1037520
1245940
142220
350340
558340
766100
974460
1182460
79540
287740
495320
702720
910280
1118200
16040
223860
421780
632420
841160
1049260
1257460
154840
362820
570360
778460
985920
1194200
91320
299020
506400
714840
922080
1129780
28060
236200
444480
652100
860540
1068800
1276500
175080
383300
591020
799300
1007940
1216920
114100
322685
531020
738840
946540
1154340
51240
259640
467820
675840
883460
1090660
1298900
196540
404400
612140
819980
1027900
1235960
133100
362500
571960
780480
988740
1197040
93980
301980
509980
719940
927847
1135700
34000
242860
451700
659900
868140
1077120
1285580
183260
391900
599900
808260
1017040
1225440
123100
331280
540820
749780
957900
1166519
65300
272360
480280
688680
897540
1105280
3620
211940
420880
629520
837540
1045940
1254920
152118
360540
569320
777300
985101
1193600
27860
238356
447500
655880
863660
1071440
1279820
177420
385460
593660
802220
1011660
1219560
117760
324480
532580
740400
948240
1157100
54340
262340
470200
678260
886540
1094380
1302120
199200
407640
615940
823900
1031120
1239040
135780
344120
551535
759580
967440
1176320
73960
281520
489280
698340
907660
1115520
13740
221820
429040
637240
845480
1054620
1284760
183860
394220
603180
811540
1020860
1229340
127080
335620
543930
751880
959660
1167360
65020
273200
481580
689240
897680
1105960
4500
212400
420540
628260
836240
1043240
1251180
148460
356680
564560
773360
981220
1189500
86760
294540
502140
709740
917480
1125900
23040
230680
438880
646540
854780
1062620
1270880
168160
375920
583680
791440
943260
1153140
50880
258760
466600
675020
883340
1090560
1298920
195640
403900
611200
820080
1027940
1236980
134940
343300
551800
759300
967280
1175700
73280
281180
489000
697020
905200
1113260
10782
218920
427780
636300
843980
1052420
1261440
160060
368740
577200
785880
993900
1202440
99660
307400
515180
722920
930260
1138160
34940
243800
452700
661220
892360
1100677
1308640
205260
412940
620980
829240
1039040
1246680
144420
353180
561860
770520
977950
1185440
83140
291820
499020
706440
914160
1121980
19860
228420
437780
646820
855580
1064060
1272480
170500
378620
586160
793580
1002700
1210280
107480
315840
523900
731300
939180
1147280
44080
251240
458820
666720
875380
1083460
1291720
189720
397380
546240
757480
966880
1175922
73900
282418
490620
699520
908360
1116380
13180
221680
429420
637400
845860
1054160
1262340
159420
367060
574280
782518
990260
1198940
96260
304281
512140
719780
928020
1135300
32900
241120
448700
657380
865300
1072820
1280280
177260
384860
592560
801300
1009160
1218220
116280
324260
532320
740240
948320
1156162
54020
261480
490820
700640
908100
1116480
14220
221800
429940
638493
847220
1055200
1263380
160620
368260
576540
785040
993580
1202280
99300
307700
515720
723720
931300
1138780
36380
243240
450720
661020
869680
1078440
1286160
182980
391760
599760
807900
1014640
1223495
119960
327940
535320
743200
951100
1159320
57260
265740
474280
681800
890080
1098940
1306360
152440
362320
571800
780820
989280
1198460
96120
303960
512100
719860
928020
1136080
33540
242840
450440
658580
867000
1074180
1282520
179840
387560
595880
804780
1011540
1220120
116780
324940
532880
740760
948820
1156940
54860
262780
470480
678920
887400
1096460
1304540
201860
410220
618020
826120
1034300
1242980
140140
348840
557520
766600
975040
1183320
103820
311740
519580
727920
935980
1142700
40500
248320
456400
663940
871520
1079280
1286580
183060
392240
599500
808220
1016100
1223300
119981
328520
535609
742740
950900
1158920
56380
264280
472020
680520
887720
1095640
1303360
200360
408420
616180
824300
1033080
1241340
137800
345440
553840
761900
429580
645780
858600
1068660
1280740
179975
389020
597840
807600
1016420
1225240
123020
332260
542500
751160
959920
1168340
66660
277080
485480
694060
902100
1110060
9820
217840
426380
635320
844460
1051420
1264340
162900
371640
579620
786980
994260
1202040
101800
310500
518700
727040
934580
1142600
40700
248760
458740
667560
876520
1085760
1295140
192360
401440
609880
839240
1052100
1261600
160516
368900
576900
785280
993620
1202140
99880
308480
518680
729720
938400
1146440
44440
253000
461876
670400
879040
1087320
1295940
195920
404760
613478
822280
1030620
1239764
137800
346220
554580
763660
971600
1179860
77060
287560
496940
705260
913620
1122000
19300
227200
434980
643160
851220
1059980
1268400
165140
373640
583640
817740
1027960
1236660
134000
342960
551540
760020
968280
1176120
73580
282200
490060
698840
907080
1115600
14960
222580
431580
639560
847740
1055740
1263800
161340
369800
578020
785740
993960
1201820
99980
307280
514720
722400
929620
1140260
37380
245340
452840
660700
869220
1077780
1285640
182020
389620
597680
804820
1012720
1219820
117080
325660
474440
685580
894016
1102440
2320
210860
419380
627000
834660
1042540
1250402
148740
357140
565560
773380
980940
1188720
86658
294540
502920
711160
918460
1126740
24520
232000
439360
650240
859100
1066960
1274940
172360
380160
587860
795960
1004380
1213880
110900
319480
527140
735580
943460
1151340
48920
256860
464560
672840
881920
1090020
1298560
195520
426260
635000
845460
1053680
1261940
160120
368300
576320
783900
992380
1200687
97880
306794
515000
723160
931760
1140180
37200
245700
454080
662280
870440
1078740
1287760
185020
392720
600080
807820
1015280
1222540
121920
330460
540420
748980
956940
1166035
64200
272300
480100
688220
895800
1103620
1000
208860
417660
626080
834260
1042340
1249620
76180
286380
494680
703380
910940
1118620
15680
224940
433640
643000
852520
1061020
1270260
170420
378360
587220
796080
1004320
1212220
109360
318060
526220
734560
942860
1151360
49100
257160
465320
673940
882040
1091200
1299940
197600
405960
614000
822020
1030240
1238740
136820
345200
553040
761780
970360
1178360
76060
283940
491820
699880
908060
1118120
40620
249460
458580
666980
875780
1083520
1292420
190540
398580
607120
816180
1024240
1232760
130280
337900
545940
754820
962940
1171020
67540
274600
483160
691080
900140
1108380
6080
213800
421740
629860
838500
1046601
1254660
152000
360240
568640
778459
987260
1196300
93700
302640
512780
721480
929660
1138560
36000
244040
450980
658660
867360
993620
1204100
101500
309900
518700
727920
935960
1144640
41580
250780
459420
667600
877200
1086366
1296676
194440
403340
612518
820800
1028740
1236700
134140
342280
550960
759804
968820
1177520
75640
283840
492640
700740
909380
1117640
15760
224020
430880
640620
852420
1060880
1269800
167280
376460
584820
793280
1002820
1211040
108500
316680
525340
792020
1008420
1218120
116680
325602
533560
741760
950400
1158900
56800
264620
472420
679900
887900
1096360
1305200
203460
411460
619900
828660
1036840
1246260
143180
351600
559440
766800
974480
1183040
80280
288540
496720
704940
913160
1120860
18260
225460
433360
641300
849340
1059980
1269140
166720
375260
584020
791520
999540
1208080
105700
313900
521380
754180
962700
1171500
68960
276700
484140
692800
900920
1107760
5660
213760
422040
630280
838940
1047220
1255700
153440
360900
569100
777380
986120
1193760
91820
299820
508960
716000
924240
1131880
30120
238840
446380
654540
863520
1071480
1279960
177420
385620
594620
802100
1009940
1217820
114880
323800
531200
739060
947400
1154420
53800
262600
402400
613460
822260
1030120
1238360
136160
344720
553518
762040
969820
1177660
75640
283880
492100
700780
908660
1116997
14820
223280
431200
639560
846900
1055540
1263540
160680
368600
576500
784860
993900
1201860
99360
307800
515900
723960
932260
1140140
37600
246580
454040
661680
869960
1078160
1286360
184140
393522
601260
809840
1017960
1227080
125180
356720
566620
775340
984880
1193558
92380
300600
509860
718680
927420
1135340
32940
241240
451820
660780
869980
1078600
1287180
184820
393480
601900
810580
1020040
1228520
126060
333680
541000
749340
957440
1165000
63240
271260
479480
688360
897320
1105700
4080
212040
420860
628660
836500
1045080
1252800
149920
358920
566600
775260
983780
1192340
8460
218000
426720
635260
843600
1050260
1258480
156518
365460
573080
781520
990180
1198320
95660
304000
512160
720160
928720
1136340
33620
240900
448560
655900
863520
1070920
1279140
176900
384380
592220
800260
1008180
1215960
112860
319980
528400
736080
944520
1152860
52400
261020
469620
678460
886540
1095060
1303180
200300
407980
615120
822840
1031840
1260998
160340
368980
577100
784920
993540
1200860
98360
305880
514560
723200
931600
1139420
36340
244460
453360
661280
869440
1077080
1285140
183300
391280
599020
807600
1016220
1224860
122420
330520
539320
746900
954520
1163300
60660
268080
475380
683360
891560
1099900
1307640
205520
413860
622820
831920
1040360
1249000
146000
354840
563580
772200
925120
1135760
33960
242180
451040
660140
868180
1076280
1284760
183220
391740
600880
809720
1017840
1225260
123400
331580
540460
749580
958260
1165960
66500
275540
484480
692620
900520
1109020
6000
213840
422860
632560
840580
1048820
1256340
154140
363020
571580
780720
989080
1197740
94800
303100
511140
720280
928240
1136480
33640
242360
450960
659080
889839
1098740
1308080
205300
413440
621440
830260
1038880
1247520
145040
353900
562220
770100
978320
1187220
85500
293720
501820
710680
919156
1127460
24520
232820
440960
649900
858820
1067260
1275520
173060
381840
589860
797840
1006940
1214880
112400
320560
528840
737640
945367
1153980
51880
260120
468400
677780
886260
1095200
1303400
201760
409960
531300
741158
949880
1158600
55980
264540
472300
680454
889580
1097900
1306220
203933
411380
619860
827580
1038660
1248980
146500
354760
563740
771760
980400
1189880
87640
295780
502600
710840
919340
1127760
25100
233720
442160
651600
859960
1068000
1276480
173798
382340
590280
797880
1005840
1212973
110660
319200
528540
735960
944140
1151720
49960
257860
488520
697780
906100
1114980
13360
221320
429080
636980
844920
1053000
1261480
159420
368080
576920
785160
993240
1201980
99580
307700
516140
724400
932340
1141200
38620
246860
454860
662380
870300
1078600
1287900
185720
393340
602060
810420
1018860
1227400
124560
332660
540260
748760
956100
1164440
61240
270300
479300
687620
896360
1104360
2060
137720
348420
558320
766900
974600
1182840
80780
288940
496180
703800
912440
1120620
18820
226320
435640
644060
853760
1062520
1271460
168480
377160
587522
795780
1004880
1213220
109600
316722
525380
733540
941280
1149660
47180
255100
463240
671260
879220
1088240
1297200
195140
403040
612940
821820
1030245
1238920
137060
345660
554580
762640
970980
1179780
100580
310260
518940
727280
936060
1144200
41860
250600
459240
668400
877120
1086000
1294240
191460
399920
607760
816100
1024500
1232800
129280
337960
546540
754240
962600
1170660
68080
276580
484240
691720
899780
1108116
5960
214400
423180
631042
839220
1046780
1255040
152140
359560
567100
774680
982520
1190400
87740
296260
504640
712520
920720
1053240
1263100
161280
369640
578480
786360
995540
1203546
101500
310040
518860
727200
935300
1142540
39900
248260
456180
664400
872220
1080860
1288560
185520
393260
601100
808920
1017240
1224320
121300
329080
537015
744820
952940
1161020
57920
264694
472900
680800
889340
1097980
1308060
206500
414900
623220
832180
1040640
1248598
146260
354340
562180
770680
1003040
1212200
110020
319060
527200
736280
944740
1153600
51700
260280
469060
677260
885380
1094340
1302900
200820
410120
618960
827380
1035020
1243543
141080
350200
558620
766740
975760
1184360
82240
289840
498240
706900
914480
1121820
19964
227920
435520
643620
851240
1059800
1268140
164780
372815
581980
790380
998660
1207380
105100
313680
522860
658340
868880
1077880
1286280
183180
390660
598860
807220
1015160
1223140
120840
329360
537260
746020
954560
1162880
59980
268100
475480
682700
890620
1099160
1307280
204120
413280
621160
830080
1038500
1246460
143500
351640
559740
768220
975960
1183400
80140
287840
496220
703540
910920
1119580
17460
225660
433980
641140
849420
1056560
1264880
162220
370400
600520
809160
1017620
1226380
890340
1107300
8140
219320
428840
639300
848280
1057120
1266120
165680
375360
584140
793280
1004080
1212940
111160
319760
528240
738680
947040
1155620
53780
262480
470920
681040
889500
1097930
1305920
203380
411240
624760
833440
1041820
1251080
148860
356820
565120
775720
983920
1191370
89420
811520
1024160
1233620
131600
342600
551360
759940
968866
1177740
75320
283900
492140
700360
910960
1120420
18900
226900
435020
644040
851560
1060400
1269740
167080
376853
585680
793560
1001540
1208820
106100
314580
523200
732200
940820
1148800
48921
257280
466180
674280
882800
1091100
1298760
196140
405140
613484
822560
1030060
1241220
60760
270040
478700
687100
895800
1104540
1620
209780
418120
626320
835240
1042800
1251300
150980
360020
569100
778380
986780
1195100
93244
300780
508940
716500
925040
1132680
30020
237380
445400
654020
864420
1072560
1280820
178160
386860
594820
803300
1011600
1219820
117160
324620
532700
740500
947480
1155460
52420
260020
468760
679180
888080
1096260
20100
229140
437940
646120
854340
1062120
1270080
167660
374913
583560
791320
999200
1207080
104020
312720
520700
729140
940820
1149720
47740
255760
464560
672260
881100
1089780
1297820
196060
403960
611740
819965
1028720
1237260
134500
342340
550140
758060
965260
1174180
71820
279440
489060
696997
905740
1113820
11080
219420
427340
635740
843980
986080
1196160
94140
302980
510580
718480
926620
1135020
31460
239560
447560
655720
864620
1073460
1281500
178280
389420
599158
808320
1015840
1223620
120605
329540
537360
745240
953520
1162380
59240
268220
476860
685920
893040
1101420
1309260
206658
414300
621840
830140
1038740
1246440
143600
351340
560320
768900
977880
1188500
87080
295320
503360
710880
940920
1149880
47440
255860
464280
672280
880900
1088620
1296820
193200
400940
609640
819000
1028080
1236140
134000
341716
549580
758020
967300
1175760
72600
280380
489140
697780
906040
1113980
14162
222580
431600
640020
848140
1055860
1264140
162060
369760
578700
787460
995900
1204820
102200
310060
517960
725200
932900
1140480
37420
245880
454240
592580
803080
1012220
1221240
118940
326900
534854
743460
951520
1160080
57740
266200
474000
682980
892900
1101020
1308700
205920
414780
623180
832700
1041220
1249740
147100
354780
562180
770400
979520
1188620
86320
294980
503320
712060
921460
1129950
27800
236540
444520
653080
862360
1070240
1277940
176640
385682
593800
802140
1010460
1218840
116980
325400
556360
765160
972980
1182560
81720
289540
497660
705840
913480
1121540
18840
227160
434740
643240
852120
1060800
1270840
169160
377200
585660
793520
1002040
1211225
108980
317380
525940
734220
942540
1151140
49600
257920
466002
674520
883480
1091140
1299520
196960
405640
614402
822060
1030620
1238820
136160
345000
553080
760800
968680
1177840
75240
195660
408900
617980
826120
1035020
1243700
140960
348660
556800
764180
971920
1180200
77797
285100
492740
701120
908620
1116380
13320
222200
430020
638320
847060
1055200
1264220
161720
370260
578360
786420
995140
1203540
101240
309740
518060
726980
935800
1144180
42060
250880
459160
667680
876580
1085140
1294020
191960
400000
608920
817660
1026020
1235060
165980
377140
585940
796260
1004380
1212240
110340
318900
526980
734940
942400
1151000
49060
257880
466380
674760
882760
1091180
1299560
197320
405880
614180
822860
1030020
1239080
137040
345200
551840
760000
967540
1176120
72820
281420
489080
698560
906360
1113680
10840
219000
426980
635160
842800
1051400
1259940
156620
364420
573120
781080
989360
1115280
14100
223000
431380
640180
848580
1057080
1265820
163440
371920
580660
789160
1000020
1208500
106380
314860
522700
731660
939880
1147900
45620
254060
462200
670180
878920
1088060
1296980
194620
403000
611780
819040
1027561
1236140
133040
341660
551360
759820
969460
1178060
75240
283420
491160
699420
907880
1115220
13440
222320
431200
639660
849020
1122580
22180
231040
439680
648400
857020
1065740
1274140
172100
379840
588560
796860
1005960
1214440
112140
321300
530120
738640
947840
1156160
53200
261700
470280
678880
886620
1094980
1303420
204220
412660
621040
829700
1038040
1246320
143980
351760
559720
767260
975060
1184240
81380
289880
497980
705200
914320
1122060
19398
228020
436420
644820
879480
1088820
1297320
194360
403180
611780
819860
1028220
1236720
134820
342920
551820
759880
968280
1177200
74680
282520
490960
699280
907160
1115660
12620
221400
429600
637520
844820
1053020
1259680
157400
365140
573280
781200
989380
1197007
94240
302280
510618
718800
926740
1133878
31380
240220
447700
654640
862220
1070380
1278480
176440
384340
521060
730460
941760
1150220
48340
256760
463820
671860
880080
1087700
1295440
192920
400620
608960
816420
1025020
1231800
129120
337480
546180
754560
962440
1171100
69247
276940
485380
692760
901937
1110300
8445
217260
425360
633836
842300
1050480
1258690
156100
364357
572080
780380
988260
1196280
93200
300380
509320
717560
926240
1135180
32460
240880
471800
680960
889120
1097020
1305120
201760
410220
618840
827620
1035300
1243440
140860
348760
556180
764600
972340
1180780
77760
285160
493980
702680
909860
1117820
15060
223280
431340
639620
848340
1056460
1265180
163740
373060
582220
790578
998720
1208920
105860
314640
522320
730880
939100
1147700
45100
254320
462800
671020
880480
1088880
1297240
128380
337580
546582
755680
964500
1172880
70720
279340
487798
695762
904100
1112340
10620
219240
427380
635652
844111
1052960
1261160
158920
367340
576253
784000
993080
1201640
99340
308980
517520
725400
933760
1142120
39680
247900
456240
664460
872400
1081520
1289920
187680
395920
603420
811360
1019680
1227320
124560
333367
541840
750240
958120
1166920
87240
295980
503640
712360
920420
1127940
25280
233480
441860
649940
858040
1066320
1275640
174340
382700
590640
798480
1005620
1213440
110820
318660
526900
735120
943060
1151240
48620
256480
464540
673420
883760
1093040
1301878
200120
408520
617120
825780
1033660
1241960
140360
349220
557400
765560
973560
1181740
78780
286680
494680
702560
910460
1041820
1286940
185520
394140
602580
811100
1020200
1229160
127200
336020
544740
752200
960100
1168320
64740
273460
482520
690380
898800
1107700
5600
213180
421620
630200
839120
1047380
1255640
153160
362000
570180
779180
987520
1196360
93760
302560
511340
719320
927080
1135200
33780
241420
449204
657700
866420
1074740
1283320
181140
389220
597960
825160
1035100
1244600
143460
352200
561300
769560
978300
1186880
84440
292640
500280
708420
917060
1126420
23760
232540
440820
649620
858580
1067260
1275580
173120
382280
590980
799560
1008480
1216380
113900
322280
531120
738440
947480
1155840
53920
264420
472460
680920
888580
1096080
1304200
201120
409120
617764
826120
1034380
1241780
138324
346620
554920
786500
996080
1204840
103440
312140
520760
729220
937080
1144660
42580
250620
458440
666620
875140
1082758
1290660
188420
396120
604260
813140
1020520
1227520
125120
333140
541620
749860
957860
1165780
63420
270900
478600
686340
895720
1105180
2960
210920
419060
627600
835520
1042940
1251020
148900
356575
565300
773680
982480
1191700
89580
298240
452720
662740
871720
1079820
1288242
185480
393180
601060
809600
1018840
1226900
124580
332420
539900
748100
956020
1163560
61900
270160
477980
686258
894900
1104120
2080
209480
418400
625940
834520
1042520
1251300
149640
357380
565693
773540
982280
1191580
88640
297120
505640
712920
920940
1129920
26420
234560
442680
650440
859300
1067520
1277020
173540
404760
613620
822320
1030460
1240820
138640
347060
555540
763140
971340
1178720
77220
284940
492500
701660
910020
1117820
15880
224020
432240
640140
848160
1056340
1264660
163160
372080
579640
788440
996580
1204960
102840
312120
520580
728880
937080
1145620
43520
251200
459960
668260
876640
1084940
1293360
190580
399340
607260
815300
1024220
1232660
59840
269740
479560
687783
896040
1103760
1260
210060
418340
627300
835200
1043442
1252340
150280
359820
568040
776220
983980
1191980
89800
297620
505780
713960
922200
1130260
27020
235020
444040
651680
859640
1067700
1275760
173280
381080
588080
795780
1003940
1212400
109160
316760
526000
734440
943080
1151200
48560
256740
464540
673260
881060
1088200
9080
218634
427600
635200
843460
1052100
1260100
156600
364720
572320
780980
989500
1197860
94840
302540
510500
718980
927360
1136420
808200
1023820
1237020
136840
347680
556940
766540
976600
1187560
85820
293580
501200
710360
920820
1129400
27920
236720
444960
655260
864620
1073440
1281320
177540
388140
597000
804720
978320
1188820
86920
300666
509980
718660
927100
1134500
32060
240560
451000
659340
867240
1075920
1283760
180620
389100
597020
806420
1015340
1222920
120520
328260
537100
744740
953480
1161240
60720
268880
477220
685720
894060
1101800
1310560
208420
415620
623540
833760
1042040
1250040
146680
354820
563260
771100
978360
1186680
84400
291960
501660
710200
941280
1152440
49000
256540
463720
671460
879080
1087720
1295476
192920
400140
611320
819280
1027240
1235220
133638
341680
549880
758100
966260
1174580
71340
280000
487580
695080
905180
1113420
11160
218900
427600
635860
844140
1051960
1260160
157340
365120
573360
781180
988540
1196340
94420
304700
512680
720440
928720
1137280
35240
243360
452663
583880
794000
1002960
1212140
109000
317680
526180
734540
942640
1151560
50520
259420
468160
676980
884650
1092840
1301000
198975
406480
614760
823880
1032120
1240020
137420
347180
555720
764380
972680
1181420
78580
289080
497400
706480
915060
1124360
21620
229640
438540
647180
855080
1063540
1271740
169700
377700
585560
793820
1003140
1212040
109660
318820
551140
760620
972160
1181060
78680
287280
494540
703340
911620
1119980
18260
226740
435080
644036
852320
1060920
1269700
166780
374500
582500
791940
999460
1207880
105580
313500
522380
730960
939400
1150120
47282
255080
462260
671120
878300
1086300
1294280
190500
398180
606020
813520
1021780
1229600
126180
334882
543160
751100
958500
1167140
63680
189700
398640
606600
815240
1022920
1231560
128540
339120
547500
755400
964160
1172960
69720
278180
486320
694460
903135
1111300
9460
216920
424700
632840
840260
1048040
1255840
153400
361440
569060
778520
987260
1195320
92620
301420
509460
717380
925660
1134740
32200
240360
451360
658860
867820
1076400
1285320
183460
391380
600000
807820
1016520
1224800
145460
354860
563007
770940
980100
1188260
86320
295760
503980
712820
920960
1129040
25940
233400
441140
648878
857420
1066280
1273720
171100
379160
587520
796100
1003660
1210960
110400
318620
527140
735920
944040
1152200
49800
257380
466160
674700
882700
1090880
1298520
195444
403880
612560
820400
1029500
1238080
135720
344560
553618
761820
969560
1108180
8560
217560
426680
635460
845000
1052780
1262440
160960
369640
578080
786120
994320
1202700
100560
309000
517780
728320
937020
1144246
42680
251040
459260
667140
875620
1083480
1292320
190360
398020
606280
814360
1022540
1230980
128860
337100
545280
753820
961740
1170000
67640
275340
483840
691700
899780
1108300
6820
216000
424482
632300
840600
1071380
1279920
177834
386540
594360
802480
1011540
1220640
119560
328740
537820
746280
954780
1164620
61798
270180
478500
686700
896180
1103840
1000
208280
417020
625220
834020
1042640
1251260
148100
356840
564180
771740
979924
1188540
85560
293520
502040
710780
919260
1127240
25186
233580
441300
648960
857480
1065280
1273680
170720
378940
587200
717160
927720
1136920
35060
243760
452360
660080
868300
1077500
1286140
184620
394160
603200
811500
1020280
1231620
130700
339660
549340
758880
967160
1174880
72780
281340
489458
698620
906280
1114800
12420
220880
429540
638500
846580
1055020
1264120
162140
370520
579040
787880
995520
1203480
100820
308980
517580
725560
933860
1141540
39240
247500
456740
688140
896940
1105920
2160
210920
419000
627100
835960
1044000
1252320
150020
357400
565400
772220
980380
1188140
85200
293540
501620
709240
917480
1124660
21640
231740
440460
648520
856760
1065000
1273100
170440
379060
587320
795300
1003647
1213400
110120
317980
525400
733040
941260
1149760
46740
255680
463620
671600
879560
1088060
1296580
193780
323500
534560
743860
951860
1160780
58100
266620
474780
682920
891840
1101000
1309550
207940
416440
624900
834220
1042980
1252280
149900
357800
565940
773300
981460
1189100
86800
294640
503100
711700
919220
1127320
25040
233180
441180
649120
857620
1065500
1274180
171720
379420
589140
798900
1007140
1215020
111920
320800
529860
738260
947260
1155127
52980
286700
495740
703600
912280
1120680
17740
226100
434080
642160
850080
1057900
1266180
163560
372500
580900
789520
998300
1207220
104860
313880
522520
731000
940040
1148620
46860
255240
463480
671540
879720
1088760
1297560
195080
403880
611920
820460
1028300
1237660
135500
344180
552760
761180
969180
1177660
75420
283740
492320
700920
908660
1117200
1244800
144660
354500
562860
772162
980460
1188020
86400
294760
503620
712420
920620
1129260
27560
237980
446600
655280
863580
1071716
1280720
179220
387860
597280
806380
1015060
1223440
122520
331660
540240
749080
957240
1164760
62300
270020
478560
686320
894620
1103240
580
209100
417200
625600
833340
1041149
1250520
147580
355660
563740
772640
981840
1257495
157020
366340
574580
783140
992260
1200480
98680
307320
515900
725380
933940
1142000
39760
248300
457180
666040
874440
1082685
1291140
189100
397120
605820
814700
1022520
1230220
128200
335720
543580
751940
959260
1166860
64760
273940
482320
689920
899280
1107820
5800
213820
421600
629960
838600
1046540
1255500
151740
362160
570620
779140
1015080
1225000
123260
331060
539740
747380
955720
1163680
60855
269240
478020
686300
894280
1102560
1310700
207780
416300
622410
832520
1040900
1248900
146280
355120
562980
771640
979260
1188500
86040
295020
502700
710760
918680
1126140
24600
233880
442000
650380
858360
1066500
1274500
171638
379040
587500
796000
1005602
1214358
111660
319440
527480
653480
863740
1071760
1280180
177400
386540
595080
802580
1010180
1218500
116460
324040
532140
740396
948540
1156740
54400
263340
471440
679100
888140
1096180
1304780
202220
410300
619280
827600
1035420
1242940
140880
349060
556322
764540
972980
1181400
78700
286620
494440
702940
912100
1120060
20084
228900
437560
645580
853780
1061200
1269480
167060
374940
606180
815460
1024100
1232100
129860
338480
547060
755680
965020
1173360
70980
278518
486760
695860
903820
1112000
9000
217540
425980
634100
841820
1049500
1256940
154640
362080
570620
778560
986300
1194640
92780
301420
510100
718620
926700
1134280
31740
240140
449280
657480
865620
1074000
1281980
178740
386120
593920
802060
1009840
1218520
116180
259880
469300
677720
886220
1094280
1302360
199700
408100
616740
824240
1032140
1240300
137680
345020
552920
761080
969080
1177560
74860
282338
490400
699340
907880
1115138
12640
220700
428260
636200
844300
1051940
1260280
157560
365420
573360
780400
988234
1195000
92420
301000
509700
718360
927720
1136535
34360
242780
450060
658760
869760
1078700
1286920
206560
416120
625060
833540
1041200
1249680
146840
355100
562960
771380
979560
1188360
86040
294520
502740
710480
917840
1126320
23340
231580
439980
647920
856620
1065720
1273920
170420
378060
586080
793820
1001540
1208920
105420
313240
521860
730160
939540
1147580
46220
253926
462020
669520
877200
1085160
1293200
190460
398820
607120
816000
1024400
1176000
75820
285660
493540
702300
910980
1118560
15760
224220
432240
639460
847880
1054740
1262840
159460
367560
575940
784020
991440
1199500
96260
304720
512461
720420
928880
1136920
33640
241120
449420
657120
865040
1073080
1280340
177960
386200
594160
802580
1010940
1219360
116020
323640
532160
740180
947980
1154940
51680
259220
467640
675680
884040
1114800
13900
221620
429740
638140
846160
1054080
1263000
160780
369580
578080
787620
995640
1204640
102220
313078
521720
729540
936940
1144200
41940
250120
458520
665980
873840
1082167
1289620
187100
394900
603440
811360
1018860
1227080
124280
332000
539600
747660
956200
1163140
60380
268260
475960
683720
891720
1099524
1307640
205160
414000
622560
780160
990700
1199360
97020
305340
512900
721260
929720
1138440
35760
244400
452920
661927
870300
1079140
1287480
185140
393200
600900
809660
1018120
1224580
121773
330220
538780
746560
954720
1163160
60760
268980
478780
686680
895160
1103600
780
208900
416540
625080
833500
1042340
1249900
147840
356060
563500
771760
980510
1189060
86300
294500
502640
734200
943480
1151420
49940
259640
467980
676020
884960
1093300
1301680
199540
407540
617060
825120
1033500
1241420
139480
347140
554700
763180
972340
1180860
78920
287140
495220
703940
911220
1118860
16480
223840
432280
106020
323660
534960
745840
956700
1167180
65540
275000
483860
693780
902540
1110140
7680
217500
387140
596540
805640
1014600
1224120
121840
330560
538830
746800
955520
1165720
63640
272560
481180
689100
897160
1110437
8540
216840
425160
633000
840540
1048200
1258500
155980
364900
573120
781600
990360
1199480
97320
307860
516160
724600
934140
1143500
41300
249480
458120
666280
876040
1085060
1294000
192060
401522
610180
818360
1027220
1236140
153680
366280
575260
783620
992120
1201020
99000
307620
516280
725558
933700
1141520
40560
249840
458180
667100
875200
1084300
1292900
191157
399400
607360
815780
1023820
1234000
132020
339600
547820
756240
964920
1172800
70440
279280
487820
697020
905300
1114040
11020
221260
430220
638240
847100
1055060
1262960
160680
368900
577200
785960
994340
1202180
101300
313000
521340
729820
940360
1148940
46960
255238
464380
673120
882140
1090640
1299060
196260
404420
611700
819909
1028260
1236820
134642
342780
551440
761180
970160
1178600
76360
285200
493720
701920
910480
1118780
17520
224900
432800
640340
848278
1055980
1264140
161380
370720
579380
787000
996860
1205220
102740
310260
518420
726980
934820
1105020
3900
212540
420800
629560
837300
1045040
1253000
151080
358640
567720
776440
985220
1194256
92620
301720
513340
721320
929760
1137960
34360
243140
450740
658140
865980
1073900
1281820
178540
385980
593700
801820
1009180
1218020
115840
323720
532620
739760
946800
1154484
52020
259660
469880
679340
887440
1094520
1302400
199600
407840
615140
823680
1053800
1264540
162640
371420
579260
787940
996440
1204900
102220
310500
518120
726440
934900
1142880
39740
248060
456060
663760
872100
1080240
1290120
186840
393720
601480
810360
1018800
1227000
123820
332004
540300
748120
956560
1164482
61260
269520
476320
684280
892160
1099540
1307100
203980
412360
620200
828680
1036620
1244760
141780
349320
557620
709800
919840
1128620
29080
238000
447520
656060
864880
1073540
1283100
180709
388860
597578
806620
1015760
1224280
121480
329460
537500
747920
955240
1163640
61200
270480
479520
688040
895980
1104000
1640
209540
417400
625520
833960
1041800
1251836
149400
357060
565400
773440
983560
1191920
90300
298800
507140
715740
923760
1130860
28480
236182
444060
674920
883740
1091900
1300180
197140
406380
613900
822620
1031480
1240000
138140
346420
554640
763740
971780
1180580
77720
285420
494000
702100
910000
1117860
15540
224760
433340
641500
850040
1058460
1266800
166600
375340
584620
793800
1001580
1209980
107100
315360
523820
731360
940240
1148260
46260
254640
463400
671940
879680
1088140
1296540
194960
316240
526480
736000
944778
1152240
49060
258080
466140
673820
881520
1090200
1298340
195300
404620
612700
820680
1028840
1237420
134980
342540
550720
759180
967040
1174620
72140
280400
490500
699280
907240
1116000
14140
222140
430120
638280
846860
1055580
1263380
160160
368202
576860
785160
993140
1200860
98020
306460
513540
721740
929920
1137680
34200
265340
474860
683140
892220
1100440
1308920
206836
414660
623320
831200
1039840
1248220
146040
354220
562600
771040
979400
1187820
86340
295200
504498
712340
920000
1129120
27160
235420
444160
652480
862360
1070380
1277920
175560
384140
592680
801820
1009960
1218700
116180
323340
530962
739020
947320
1155800
53460
262020
470420
678640
886980
1095500
1231460
131140
339640
547580
756020
965160
1173600
70940
279280
487800
695540
903780
1113040
11160
219340
427680
636160
843460
1051840
1259480
156840
364340
572460
780880
989500
1197080
95140
301720
509717
718700
927280
1135480
32320
240480
448160
656100
864360
1074364
1282240
179340
387480
595740
804540
1013160
1220554
117860
326060
533800
741880
950220
1180480
78200
286560
495042
703640
912009
1120240
17300
226460
435520
643820
851860
1059520
1267600
165480
373700
582000
790080
997860
1205980
104060
311540
519500
728760
936722
1144840
42240
250360
457920
665920
872760
1080380
1289040
187398
395520
603480
811420
1019378
1227240
124900
333320
540920
748860
956720
1165260
63880
272420
480940
689000
834860
1044780
1254380
154054
361400
569440
777120
984920
1193620
91740
300040
508380
716940
925260
1134040
32020
241280
449740
657800
866040
1074660
1283680
181920
390120
597660
805600
1013540
1222580
119960
327940
535760
743180
950840
1159040
57220
265100
473220
681660
890020
1098360
1306980
204760
412380
620480
828460
1036100
1244820
142320
350100
558220
788600
996760
1204920
102500
310100
518580
727220
934900
1142720
39560
247280
456040
665620
873960
1082540
1290860
188740
396640
604620
812300
1020580
1228180
125400
333600
541820
749060
959080
1167420
64020
272060
479940
687527
896160
1104340
1220
209280
416500
626280
833380
1041460
1249220
146240
353240
561580
768640
976540
1183740
80940
287960
436700
647760
856460
1064280
1272240
169940
379180
587040
796760
1004560
1212482
110118
318320
527360
735660
944300
1153780
51920
259900
468680
677650
886040
1094440
1304044
201660
410360
618080
825400
1033840
1242080
139040
346620
555280
763760
971440
1179800
77360
285600
492920
701100
910100
1118860
16720
225560
434160
642760
851020
1059461
1268640
166820
398080
607300
815900
1025540
1234140
132440
341020
549920
758440
966300
1176380
74260
282780
490760
698480
906820
1115440
13120
221100
429480
637580
844960
1053260
1261700
158940
366380
574520
781480
989200
1197980
95120
302920
510500
718620
926800
1134700
31880
240240
448120
655780
863160
1071180
1279900
177220
384653
591700
799800
1008220
1215560
42100
252560
460900
668800
877220
1086080
1295300
193180
401440
609138
817260
1025500
1233840
131600
338980
547480
755620
963260
1171940
70260
278680
486860
694520
902460
1111740
9020
217160
425020
633040
840900
1049080
1257500
155480
363540
571140
779300
987820
1196240
93080
301060
509140
717500
925620
1133360
30400
238740
446740
655160
862860
1070580
33300
244760
454840
663820
873920
1082031
1290220
188358
398200
605940
814580
1022460
1230360
128240
336880
545842
753380
960540
1167820
65740
273880
482200
690100
899080
1107480
4920
213460
420540
628540
836800
1044880
1253380
150880
358760
566880
774900
983580
1192080
89940
298660
506460
714440
922640
1130400
28380
236300
444640
652960
861760
1092220
1302360
200420
408860
617080
825400
1034600
1243540
141220
350420
559060
767160
975820
1184560
81520
290000
498500
707300
915600
1123840
21318
229367
438260
646740
855380
1064160
1271820
169200
377940
586120
794300
1002300
1211200
108520
317202
525680
734560
943000
1152100
49880
258160
466560
675340
883260
1091420
1299620
197340
405340
613980
761140
972780
1182880
81720
290740
499560
708642
917320
1125820
23680
233960
442380
650400
859180
1067540
1277340
174820
382840
590540
798920
1007000
1215820
112520
320080
527900
735640
943480
1152160
50020
257800
466340
674680
882380
1090180
1297820
195540
404500
612640
821140
1029940
1238940
136840
344780
552680
761300
969680
1178100
75440
283540
492117
722240
931140
1140520
38280
245820
453520
660980
869164
1077320
1285700
183160
391160
599655
808280
1016080
1224540
122120
329620
537080
745240
953180
1160000
56940
264580
472100
680596
888740
1096933
1305924
204560
412460
620040
827480
1035740
1243600
141060
348580
556760
764399
972800
1180220
79076
287880
496540
704220
913140
1120840
16764
224080
366640
576580
784840
993720
1202280
100540
309940
518420
727000
935240
1143280
41200
249820
458200
666420
874080
1082420
1290980
188980
396860
604660
813460
1021480
1230060
127220
336160
544580
752420
960940
1171240
68780
276680
485400
694100
902580
1110720
8380
216880
424820
633020
840840
1048580
1257180
155200
364060
572020
780570
989500
1198140
96000
326920
535840
744760
953860
1162580
60400
268220
476880
684760
893240
1101920
1310440
208613
417380
625660
834540
1042802
1250680
147980
356340
564720
773100
981140
1188700
85400
293920
502020
710720
918860
1127140
24320
232186
439880
648460
857860
1064660
1273360
170780
379400
587580
796120
1004020
1213164
110780
319200
528060
736700
945660
1154200
1283640
183240
391940
599620
806940
1015720
1223800
121513
329920
537900
747620
955080
1163280
60100
267760
476420
684340
892300
1100220
1308620
206420
414720
624000
832180
1040640
1249060
145920
354180
561960
770040
978700
1187260
84560
292860
501660
710520
918760
1126440
24400
232520
440440
648640
856760
1065580
735840
952020
1079200
1291320
191220
401780
610960
820100
1030340
1239700
137460
345180
553840
764880
973440
1182540
80360
288600
498400
706960
914960
1123180
20500
231180
439920
648520
856620
1064800
1273660
176020
385340
593680
802517
1010980
1219500
117740
328340
537980
746160
954340
1162932
60660
268389
476880
687500
895940
1104255
1840
209800
418520
626300
860000
1070840
1282820
181160
390160
598678
807300
1015260
1223120
120440
329120
537840
748320
956969
1165080
63400
271640
479860
687840
895640
1103800
920
209080
418980
628200
836740
1045940
1254800
153680
362060
570640
778860
987120
1194700
91940
300580
510620
718340
926820
1134500
32060
240380
448900
657180
865740
1074560
1282880
180200
389440
596840
830440
1039220
1247660
144880
353220
561440
770380
979040
1187429
85760
293860
501356
708418
917620
1126180
23020
232800
441320
649540
857560
1065740
1274040
171400
378720
587320
795060
1003520
1211520
109320
317260
526480
734520
942720
1150360
49540
257720
465540
673960
882460
1090220
1298220
195520
404120
612600
821760
1030280
1239400
137260
345240
495640
706140
914615
1123680
21340
231740
440380
648960
857240
1065320
1274680
172860
380940
588560
796760
1004900
1213120
110920
318340
527320
735980
944780
1153040
51460
259220
466740
674920
886002
1095020
1303280
200500
408800
616840
824520
1032760
1240500
138340
347600
555760
764400
972560
1180880
77440
284860
492620
700860
909520
1117000
13600
221378
451700
660680
869100
1079500
1287180
184720
393000
601080
809260
1017560
1225600
122700
330500
538480
747140
954580
1163040
60100
268220
476860
685100
892440
1101180
1310180
208000
416780
624480
832400
1040500
1248780
146340
357080
565240
772640
981460
1189160
86960
295000
503900
712000
919458
1127800
25460
233160
440940
649280
857060
1066180
1273820
101340
311257
520080
727660
936000
1144620
42820
250800
458920
666360
873740
1081020
1288680
185762
396360
604300
813060
1020980
1229680
126840
334400
542980
750800
959160
1167280
64500
272280
479640
687720
895760
1104000
1000
208640
416780
625240
833240
1041720
1250049
147440
355920
564540
773280
981820
1190080
88500
297500
505200
713520
921980
1130560
53680
263000
472460
681000
889300
1097920
1307760
204380
412120
621100
828940
1037540
1245440
143620
351640
560720
768320
976440
1184820
81720
289440
497320
705220
913060
1122280
20180
229100
436380
644040
852322
1060500
1268380
165860
373080
581240
789500
997200
1205260
102640
311820
521140
731860
940520
1148800
45660
253740
462660
670500
879040
1014740
1225860
123420
332640
541340
750060
957920
1166160
63600
270840
478720
686477
893880
1102400
1310620
208880
416980
625340
833300
1041480
1249240
145860
353740
562460
771320
979880
1187820
85400
293700
501900
710160
918580
1127000
24940
233220
440980
649100
857140
1067080
1276720
174720
383160
592060
800380
1009000
1217480
114940
322780
531080
738880
969180
1179020
77620
285300
493920
702520
911020
1118900
16100
224380
432360
639860
847280
1055240
1264040
161040
368620
576600
785720
993920
1201640
99480
306820
514100
722100
929820
1137178
33820
241720
450003
657980
866520
1074620
1283720
180560
388100
595880
803420
1011892
1222820
121020
329573
537980
746500
954920
1163500
60700
269080
478380
623640
833580
1042720
1251380
149360
358080
566540
774900
983940
1192360
90660
299640
508340
716120
924880
1132880
30242
237780
446060
653620
861561
1070500
1277940
175280
383620
591940
800440
1008120
1216600
113880
321580
529960
738420
946380
1155620
53540
262080
470780
679360
887880
1097260
1304540
202380
411180
619780
827980
1036040
1245195
145240
353440
584233
793980
1002180
1210660
109160
316700
525000
733020
941320
1148900
46920
255657
463620
671400
880740
1090160
1297960
196460
405720
614320
822820
1030780
1239877
138300
347220
555760
764120
972660
1181380
78680
287040
495080
703060
910880
1118980
15760
223820
432840
640440
848740
1057500
1265640
162820
371420
579660
788940
997640
1206020
103880
228356
438820
648160
856960
1065282
1273460
171620
379600
587820
796220
1005100
1213560
110600
319780
530160
739240
947040
1155180
52580
259580
468520
677020
885040
1093980
1301760
198900
408240
616860
824780
1033300
1241840
139800
349360
557980
766540
974880
1183056
80280
288580
497860
706540
914600
1122420
19680
227460
435540
644420
853140
1061160
1268760
188500
396980
605520
813780
1022380
1231080
129140
337200
545220
753180
961200
1169120
66280
274920
482840
691640
899460
1106920
4140
212320
419680
627400
835160
1043000
1251602
149620
357920
565280
773200
981220
1188560
85680
293619
501220
709680
917720
1126060
23360
233282
441440
649880
857680
1066260
1274140
170940
378324
586120
794040
1002260
1144840
42740
250860
458960
666840
875720
1084640
1293320
190680
399740
608600
817020
1025740
1233100
130040
337760
546980
755340
963640
1172560
70317
278460
486920
695180
904140
1112360
10722
219620
427240
634820
843240
1052800
1260680
158320
366560
573980
781840
989900
1198002
96280
304520
512000
720040
928000
1136620
34180
242420
451180
658400
866680
1097400
1306920
205078
413060
621640
830200
1038680
1246740
144280
351960
560080
768400
976520
1184460
81180
289400
497940
705400
913767
1121980
19236
228600
437600
644940
853320
1062020
1270080
167040
375560
583560
791220
999420
1206920
105420
313340
521080
729800
938260
1146580
44220
252440
460540
669078
877040
1085780
1294420
191680
399680
608100
750660
959700
1168120
66100
274020
481920
689860
898100
1106440
4800
212100
420300
629520
838720
1046080
1253400
150960
359660
567840
775249
983400
1191560
88840
296860
503860
711700
920620
1129260
26480
234360
442160
650440
858120
1065520
1273860
171340
379160
586840
794220
1002240
1210420
107180
314840
522720
730940
939020
1147240
44960
252600
461820
690180
900260
1108420
5200
213580
422160
629100
837240
1046180
1254720
152380
359980
567320
775060
982420
1193420
90720
299400
507600
715640
923806
1132040
29400
237900
445500
654200
862200
1070220
1278160
175400
383140
591340
799800
1007020
1214400
112280
319660
527960
735600
943320
1151380
48600
256420
463980
672300
880460
1087800
1295780
193340
356000
564780
773200
980540
1188080
85180
292960
500160
707940
916160
1124460
21240
229500
437300
645920
854940
1063400
1271920
169178
377560
585720
793960
1002320
1211120
108380
317040
525870
734600
942860
1151200
49160
257740
466380
674960
882940
1091360
1299240
196880
405180
613740
822420
1030520
1238917
136060
344220
552100
760320
968660
1176580
73680
305460
514480
723000
932240
1141100
38880
246820
455080
664020
872660
1081140
1289720
188220
396280
605320
813800
1022800
1231140
128642
336980
545020
755700
964500
1173560
71140
279100
487460
695640
903600
1112800
10400
218489
426380
634640
842600
1051160
1259580
157100
365820
573640
782284
990220
1199480
97240
306120
513860
721800
930680
1138695
1305540
207540
417820
627320
835480
1044060
1253440
151080
359260
567400
776980
985580
1193960
91000
299580
508009
715860
924800
1132920
31260
240140
447550
656860
865000
1073120
1281760
179000
386420
594240
801980
1010180
1218980
117200
326000
534240
743080
952200
1159780
57520
265820
473600
681600
889460
1096960
1305080
203040
411420
619520
827160
1054460
1263660
161260
369320
577969
786560
994980
1202740
100120
309520
518560
726700
934700
1143120
40640
248680
456420
664560
872720
1081040
1289040
186860
395320
604240
812860
1021560
1230322
128080
336080
543100
750940
959480
1167580
64920
272900
481820
689980
898000
1106500
4120
214540
423880
632400
841000
1048720
1255780
153940
362820
570500
778780
987320
1197500
95300
303840
512960
721860
929620
1138540
36440
244120
452320
660560
868360
1076740
1284480
181420
389320
597260
805380
1013820
1222480
119540
327520
534640
742960
951360
1159640
57080
265420
474160
682880
891120
1099060
1307020
204860
412480
621260
829478
1038700
1246840
145260
353200
560740
768800
976900
1184840
82580
290520
499500
681300
891320
1099560
1307958
206040
415100
624200
832040
1039340
1248060
145520
354840
562600
770680
979980
1188420
86100
294140
502460
710280
918980
1127420
25500
234100
442780
651140
859140
1067878
1276580
174440
382740
590880
798960
1006980
1215460
112480
320820
528120
736520
944080
1152280
49440
257040
465360
673640
881940
1090140
1298340
196920
405400
636240
846180
1055260
1262980
160756
1142600
47700
261280
471640
683320
893200
1103180
1560
212800
421180
629360
838560
1047060
1257060
156040
364460
572560
780960
990820
1200140
98100
306600
515060
725380
933320
1141140
38020
245740
453180
665840
875100
1083040
1291280
189520
398180
606960
818820
1027700
1235800
134660
287320
497520
705840
914400
1125600
23100
231860
440640
648720
856300
1065260
1274100
172278
383260
592280
802040
1010160
1218560
116750
324400
533020
741320
950580
1161200
59440
268100
476400
685164
893880
1102860
740
209300
418620
626300
836780
1045260
1253180
150500
359500
567280
776120
984100
1192200
89240
298100
505660
714560
925840
1134840
52940
264420
473920
682340
890240
1098740
1307200
205020
414960
622200
830420
1038633
1249000
146140
354180
562700
770820
978400
1186760
84520
292640
501540
709460
918880
1126420
24300
232940
440980
651960
861160
1070640
1279380
177120
385340
595200
803740
1012020
1219620
117600
325000
533020
741674
950100
1157860
54560
262260
472360
681560
889280
1096820
1202560
102760
311460
520660
729036
936920
1145680
42820
251140
459460
667820
875840
1083740
1291400
188940
396200
606120
814860
1022900
1230680
127280
334360
542660
751040
959560
1168060
65180
272740
480140
687480
895720
1104020
960
209340
417180
624520
833100
1040880
1251981
149700
358640
566520
774660
983100
1191280
88460
296060
504260
712440
920200
1151042
49860
258320
467840
676320
884720
1094200
1302242
199760
407980
616920
824600
1033520
1241420
140060
348500
556440
764440
973340
1181720
79620
287960
495680
703640
912340
1120660
17980
225580
433780
642520
850800
1058900
1266880
163800
372020
580020
788100
995760
1204540
102520
310500
518760
729218
937540
1145320
42340
251020
458100
665560
809900
1020960
1230580
129120
337360
545718
753200
961780
1169600
67040
275560
483880
692540
900760
1108340
6300
214240
422380
630320
839415
1048255
1256918
154140
363340
571420
781440
990440
1198160
96724
304880
512740
720920
928560
1136380
34420
242940
451440
659722
867940
1076860
1285200
182740
391340
599360
807240
1015880
1224120
120920
328800
536480
766880
976480
1184260
82060
290580
499420
708020
916910
1125860
23960
231620
442360
652700
861220
1069720
1277580
175940
384620
592120
799800
1008440
1216460
114260
323180
531420
738960
947060
1154680
51680
259680
466440
674900
882280
1090995
1298840
196140
404600
613220
821280
1029200
1237420
135460
343220
551920
759640
967040
1174920
73220
281200
416840
627520
836440
1046420
1255480
153740
362720
571180
779940
988760
1196680
94560
303340
511440
719598
928380
1137480
35366
243740
453060
662540
871340
1080740
1289880
187320
395340
603020
812020
1020210
1228460
125780
334020
542640
750940
958820
1167060
64660
272880
481600
689660
898640
1106740
4120
212340
420520
629220
838140
1046500
1254940
154720
386060
594780
802560
1010820
1219060
116800
325280
533360
742320
950880
1158580
55960
264900
473400
682020
890198
1098960
1307440
205260
413580
620660
829540
1037520
1245716
143000
351420
559800
766940
975760
1183720
81600
289220
498040
706280
915460
1123761
20900
228400
436540
644360
852980
1061020
1268740
165880
373960
581120
788960
996840
1205080
23200
235480
444140
652600
861180
1068660
1276320
174260
381640
590120
798500
1005740
1213094
109920
318300
526400
734020
941500
1149660
46980
255240
463500
671460
879976
1088000
1296440
192660
400000
607340
815940
1024180
1232140
129720
337328
545140
752560
960640
1167860
65255
272620
480760
688540
895140
1103480
640
208440
416200
624560
832540
1041260
1268020
167600
376480
584280
792480
1000340
1209020
107140
316000
526840
735200
943780
1152440
49880
256980
464280
672000
879980
1087800
1294840
191760
400340
607620
816120
1024700
1233320
129780
338840
546840
755760
963607
1171620
69060
277160
485020
693540
901000
1109880
7900
216596
424680
632920
841460
1049400
1256840
154200
361280
569480
777220
939900
1150320
48760
257080
464750
672461
881160
1089060
1297800
195760
404040
612900
821520
1029900
1239000
137000
346322
554422
762740
971000
1179200
77260
286360
494360
703080
914080
1122460
20700
229858
438520
647180
856080
1064820
1272680
169360
377120
585120
793660
1002140
1210900
108720
318520
527160
735320
943100
1150960
48180
255540
463360
672180
903200
1112500
10200
218480
427000
635460
843380
1051020
1258760
156540
365020
573580
781920
990820
1199396
96640
304600
512040
721360
928720
1137000
34200
242500
450160
658440
866540
1074380
1282640
179860
387520
594620
803040
1010800
1218700
115660
323020
530720
738420
946300
1154402
51280
259620
467420
675080
883900
1092200
1300100
197540
405420
546960
757360
965956
1174061
72040
280300
487620
696100
905140
1113400
10420
218540
426680
634838
842580
1050338
1259120
157340
366140
573660
782280
991938
1200120
97460
304940
513160
721020
928720
1136900
34700
243260
451180
658880
867960
1076320
1284600
181640
389060
598260
805940
1013320
1220780
118000
326320
534240
742660
951200
1160220
57800
265440
496240
705660
913680
1121960
19900
228940
437420
645260
854160
1061860
1270680
168600
376580
584880
792495
1000620
1208560
106200
314180
522480
730880
938400
1146980
44940
253320
461500
669760
878000
1086640
1294800
193380
402300
613880
822780
1031440
1240694
139820
348560
557380
765640
973560
1181317
79400
287480
495480
704180
912860
1121420
19100
153354
363660
572400
781020
989420
1199280
97460
306060
513780
721660
930540
1138820
36000
244200
452460
660120
867560
1075660
1283780
181280
389280
598660
807000
1015220
1223880
121340
330400
538340
746560
956000
1165000
62700
270380
478640
686880
895700
1103400
1320
209380
418460
626360
834820
1042840
1251120
147200
354720
563080
771800
979620
1187160
107620
316220
523960
731180
938640
1146480
44200
252235
459460
666880
874020
1081960
1290060
188380
396340
604840
812780
1020460
1227360
125780
334040
542640
750200
959000
1167060
63880
273560
482060
691140
898900
1106740
4440
212340
421020
629240
838020
1046040
1254140
151240
359680
567460
775640
983520
1191740
89400
297360
504960
713320
921200
1069960
1279720
176820
385320
593500
802780
1011360
1220880
117440
325020
533200
741960
950000
1158140
54880
262800
470400
678380
887560
1095600
1303620
201360
410120
618220
826700
1035600
1244360
142320
350560
558780
767480
975698
1183800
81000
288640
496520
704820
913040
1120500
18100
226600
434440
642000
850820
1059636
1267900
164880
372940
580500
788780
1019480
1229020
125120
333460
540880
749560
956800
1164080
60620
269000
476560
684700
892820
1101180
1309960
207180
415380
623680
831420
1038920
1247740
145020
352480
560760
768500
977340
1185760
82800
290680
498340
705440
913560
1124300
22160
231380
439060
647180
855460
1064200
1271840
169280
377580
586380
794900
1002760
1211020
109080
317140
525620
676000
886440
1095660
1303680
201120
409220
617720
825700
1032960
1240980
138520
346720
555360
763477
971620
1179820
77720
285320
493520
701120
909240
1117920
15600
224280
432800
640820
847820
1055340
1262380
159800
367640
575060
783470
991500
1199340
97440
305680
514800
723040
930800
1138860
36480
244460
452440
660740
869693
1077880
1286640
184140
391760
623160
832260
1041040
1248420
145420
353780
561760
769860
977980
1185400
82580
289720
497460
705620
914500
1123122
20680
228580
436220
644900
852860
1061420
1269380
166340
375120
583760
791820
1000140
1208680
106060
314520
522060
730440
937940
1146060
43300
251880
458660
666300
874980
1082360
1290080
187280
395520
603360
811500
1020340
1228484
125420
282160
494140
703120
912260
1121740
19340
227940
436940
645480
853420
1062860
1270860
168740
376800
585180
793220
1002242
1210560
107720
316100
523660
731400
939520
1147560
45160
253820
461640
670380
878960
1087218
1294560
191980
400220
609700
818220
1026204
1233600
132120
340000
548100
755960
964220
1173120
71300
279720
488320
696220
904080
1111880
9920
282340
492220
701840
911160
1119300
17300
225566
434600
642160
850580
1059100
1268080
165900
374320
582720
791240
999660
1207700
105680
313280
520760
728840
937660
1145900
43580
251580
459020
666920
875540
1084480
1293037
190320
397840
605340
813400
1020680
1229020
126740
335300
543000
751180
959324
1167580
65760
273840
481980
689820
897660
1105660
26940
236360
445260
653920
862080
1070960
1279660
177220
385520
593740
802560
1010960
1218860
115960
323860
532080
740140
434420
650060
863140
1073317
1284360
182940
392300
601420
811720
1019840
1228920
125780
335060
545200
753660
961580
1169560
66680
276160
484040
692880
900660
1108400
7260
215320
423360
631000
839260
1002740
1217660
116320
325240
533820
741500
950720
1158640
58720
267180
475280
683280
891300
1099440
1307380
204720
415280
623920
831640
1040100
1248400
145260
353140
561160
770100
980380
1189300
87220
296140
505240
714220
922900
1131080
28460
237260
447800
656080
864700
1073700
1282160
178720
385920
594420
802680
1011080
1218420
117960
327600
536260
763920
975080
1183880
81080
289560
497380
705420
914340
1121640
19380
230720
439500
647660
855240
1063560
1271580
169360
376640
583680
791280
999480
1207660
105020
313500
524460
732740
939800
1147860
45300
253080
461280
670020
877940
1086100
1294280
191820
400640
608840
816120
1024520
1235000
132360
339980
548040
755580
963600
1171720
68340
276420
484960
608680
819780
1028460
1236320
132880
340820
548620
756760
967300
1175580
73280
281920
490340
698860
907420
1115440
12720
220680
428060
636880
845160
1052840
1260940
157760
365720
573360
781160
989440
1199700
97300
305760
513840
721280
930180
1137440
35660
243760
452580
660695
868680
1076678
1284680
182100
390160
599020
806880
1014720
1222400
119980
328520
562700
772660
982140
1189540
86940
294760
503000
710280
917780
1126060
22740
231280
439700
647440
855460
1063500
1270920
167814
376300
584040
791380
999980
1207760
105360
312700
521360
731040
939000
1147260
44700
252400
460980
668880
877800
1085820
1294640
191360
399300
607500
816640
1024600
1233340
130360
338880
547260
755620
964280
1172960
71180
215400
425780
634300
843480
1051160
1262180
159494
367880
577140
785100
993720
1201980
100280
309040
517600
726360
934860
1142740
40780
248860
458000
666120
874480
1082358
1290600
187600
395680
602740
810080
1017760
1226358
124380
331960
540740
749840
958820
1167020
67380
276820
485180
693580
902620
1111180
9360
217580
426160
634360
842200
1050000
1257980
179520
388140
596840
804040
1012422
1221960
119540
327840
536260
745860
953840
1161620
59140
267500
476840
685300
894820
1102940
700
209140
418560
628060
836800
1047840
1256020
153860
362140
570180
778840
987880
1195880
94100
303158
511320
719380
926660
1135420
32800
240440
448760
657060
865420
1073460
1281980
178960
386660
595900
804300
1011580
1131720
31800
241480
450100
657960
866320
1074480
1282820
181320
389300
598060
806880
1014280
1223180
121240
330980
539080
748360
957620
1165880
61880
270220
478920
687600
896080
1104360
1340
209880
418340
626900
835600
1043920
1252600
150980
359360
568220
777680
985580
1193840
91980
300080
507600
715820
923780
1131780
29660
236960
444160
652120
860880
1091480
1300760
198440
407100
615080
824740
1033500
1242220
139460
347878
555580
766280
975040
1184160
82820
291960
499680
708060
916120
1125360
23060
231780
439340
647560
855760
1065660
1274000
171200
379360
587480
796300
1004540
1213540
110940
318620
526960
734660
943060
1151860
49560
257980
467160
675720
884240
1092480
1301220
199020
407160
614880
736120
945320
1153980
51000
259380
466700
674340
882089
1090260
1297620
195400
404140
612140
823200
1031980
1241420
139100
347100
555400
763580
970520
1178580
76100
283600
491720
699360
906720
1115100
12840
221100
430040
637200
845540
1053220
1260720
157480
365680
573440
781620
989940
1198320
96040
303660
511300
719040
926700
1134240
31280
239540
448000
677420
885800
1093960
1301940
200860
408640
616160
824480
1032200
1240800
138760
347240
555420
762560
970440
1179560
77620
286260
494200
702460
910615
1121680
19500
226240
434720
642820
850400
1057122
1265380
162320
370860
579200
786860
994887
1203460
100260
308300
516180
723600
931050
1139180
36420
243560
450940
659280
866900
1074660
1282620
179840
340160
549760
758560
966482
1174880
72960
281040
488680
696580
905060
1113320
10420
218280
426520
634580
842880
1051120
1259340
156960
364720
573700
782220
990360
1198200
95400
303380
510780
719220
927620
1135940
34220
242520
450220
658860
867140
1074740
1283700
184000
392400
600720
808480
1016480
1224180
122120
329880
538138
746900
955380
1163000
61200
291580
500540
709700
918380
1127080
25040
233300
441420
649760
858100
1066560
1274980
172380
380560
589120
797180
1004460
1212780
109860
318620
527500
735880
943840
1151980
50021
258620
466200
674480
882200
1090100
1298280
195400
402880
610280
818380
1025800
1233180
130060
337340
544820
753280
960960
1169040
66680
274080
482800
690780
898540
1106500
1254800
154340
362540
570680
778882
987800
1196060
93740
302380
509940
718020
925680
1136040
33762
242420
451300
659180
866660
1075160
1283440
181260
389960
598520
806740
1014620
1222440
119760
327240
535440
743260
951200
1159520
56500
264600
472916
681260
889180
1096680
1305400
202640
410320
617800
824940
1032560
1240160
137760
345620
553460
761560
969820
1198820
97950
305880
514007
722180
930140
1138500
35620
243800
451780
659760
867740
1075860
1283700
181380
389300
597020
804740
1013780
1220760
116980
324540
532500
740380
948940
1157160
54735
261600
469380
677380
885740
1094300
1302080
199820
407500
615200
822780
1030655
1238960
135860
343980
552220
760720
968260
1178240
76600
284300
492320
700360
864240
1075180
1285240
182240
391240
598840
806960
1015420
1224480
122160
330780
539318
747200
955700
1163020
60220
268520
476400
683940
892400
1100640
1308500
205815
413860
621940
830280
1038280
1246320
144220
352160
560480
769060
977260
1185100
82840
291300
499380
708280
916260
1124480
22420
231080
439080
647080
854500
1062660
1269960
167280
375160
583280
814240
1022800
1230560
128100
335732
544880
753120
961000
1169820
66200
273940
482160
690200
897460
1105280
3900
211600
419480
627740
835700
1043900
1251760
148900
357280
565520
774060
982480
1189880
87520
296642
504360
712860
921060
1129320
27500
235720
443740
652240
861780
1070700
1279080
176120
383960
591820
800020
1007640
1215460
113860
320900
470180
680340
889160
1097480
1305720
203280
411680
619460
828480
1036920
1244560
141220
348760
557240
765320
973780
1181920
79900
288120
496358
704280
912600
1121040
18740
227340
435720
643920
852000
1059620
1267360
164940
372740
580860
788800
997400
1205840
102520
309880
517640
725770
933820
1143040
40740
248380
455680
662800
871460
1080562
1288620
186080
416220
625060
833200
1040640
1248520
146960
354460
562040
769660
977120
1185100
81820
290200
498000
705280
912402
1120500
18118
225920
433140
641560
849720
1058340
1268260
165300
373740
582320
790280
998140
1207140
104300
312440
520470
728440
936740
1144680
43100
251800
460140
668400
876800
1085340
1293600
190740
400480
608500
816260
1024060
1231600
77440
286520
495220
703500
912020
1119880
16680
224940
433535
641460
849040
1057500
1266460
165000
373700
580900
788600
996820
1204280
101480
309900
517720
725060
932920
1141300
38780
248200
456960
665260
873440
1081460
1289860
187740
395920
604220
811740
1019500
1228020
126800
335340
543100
750860
958680
1166040
62940
271300
479720
687440
895340
1103320
22820
232240
440580
648560
856300
1065360
1273580
171060
378960
587100
795620
1004340
1213380
110460
318800
527440
735480
943980
1152420
49340
256820
464400
672840
880480
1089160
1298400
195760
404260
613160
820600
1027700
1236480
133780
342200
550200
757840
966686
1174340
71780
279980
488320
696740
904760
1113100
10040
218020
425660
633600
841600
992100
1202760
100460
310100
518400
727340
935920
1143700
41480
249420
458360
666240
874180
1084020
1293000
190240
398520
606620
816040
1024360
1232320
129480
338680
546480
754580
962740
1171200
67820
276520
484860
692860
901660
1109320
6100
214360
423000
631060
838400
1046162
1254100
152120
359300
567078
774900
983780
1192020
89320
297636
506220
714060
944360
1154320
52020
260140
467660
675120
883640
1091580
1300360
197820
406220
614620
823100
1031160
1238440
135780
343940
551740
759640
967700
1175360
72740
280480
488540
697000
904540
1112420
9760
216820
424440
632080
840320
1048520
1256622
154780
362320
569620
777460
985080
1192740
90800
299160
507160
715340
924400
1132240
29380
237360
445660
597360
807500
1016080
1224940
122560
331280
539780
747480
955460
1162640
61040
268720
476440
684200
892080
1100400
1308740
205760
412880
620860
829120
1038100
1246660
143720
351820
560140
767360
974700
1181989
850402
1065960
1279380
179900
391460
600980
810740
1019300
1229620
128593
338420
546080
754620
965600
1174320
72060
281858
392540
604820
813880
1023420
1232200
130240
340980
550020
758400
966100
1174900
72700
286760
495660
703760
912040
1120120
16780
225580
436460
645640
854980
1064840
1273440
170640
379880
588920
799800
1007960
1216120
114320
322520
530360
738420
946600
1154560
54340
262760
471860
679300
887520
1096420
1304520
202200
410020
617760
828080
1037680
1246180
207020
422600
632860
842220
1050880
1259820
157740
366820
578120
787240
995840
1204300
102680
311160
519740
728380
936700
1145100
43080
251920
460860
672280
881460
1089400
1297360
194520
402600
611640
820020
1028200
1235920
133440
341360
550240
758880
969100
1177600
74980
282980
491360
700540
909620
1118360
16580
223974
433260
641660
849480
1058080
1290140
190200
400866
608740
817100
1025240
1232500
130120
338420
546820
755420
963700
1171720
68920
277020
485220
692660
901600
1109600
6640
217140
424860
633440
841160
1049696
1257940
154800
362360
569740
778620
987360
1195360
92482
299108
507780
716640
924380
1132700
29880
238220
448400
656640
864220
1073620
1282420
179100
387580
595820
804120
1011880
1120000
19760
228260
437060
645920
854400
1062340
1269660
166160
374580
582880
790980
1000300
1210140
107620
315440
524360
732060
939840
1147640
44700
252060
460480
668320
875880
1084520
1292940
191420
398680
606360
814700
1022720
1231220
128040
335340
544020
752120
960500
1170900
68020
275660
483920
691860
900320
1108680
6760
214240
422140
630660
838340
1070040
1277720
175940
383460
591300
799660
1007160
1215000
112529
320600
528440
735520
943020
1150740
48440
256700
468140
677800
886240
1094180
1302360
199300
407900
616740
825240
1033180
1241320
138600
345600
553620
761140
969360
1176640
73920
281620
489580
698420
906340
1114220
11880
219560
427740
636120
844082
1052160
1260220
157200
366040
575620
726740
936740
1145820
43420
251020
459160
666980
875020
1083640
1290420
187280
395380
602940
809820
1017020
1224700
121820
329514
537400
745644
953900
1161720
59140
267640
476360
683740
891540
1100220
1308560
205560
413380
619960
827840
1035180
1242920
142900
351740
560402
768760
976600
1184900
82300
290360
497780
705580
912680
1121480
18900
226460
434680
663964
873140
1081760
1290060
187760
395660
603500
810562
1017660
1224800
122060
330040
537600
745660
952620
1160420
57160
265580
473920
682660
891160
1099830
1306860
204460
412300
620440
832080
1040360
1247700
145860
354040
562440
770740
978780
1187200
85380
293520
501220
709880
918680
1126760
24240
232700
440340
648540
857040
1065085
1273400
170600
332780
543080
752440
961980
1170357
67380
277020
484560
692680
901520
1110360
8400
216620
426080
634560
843040
1052280
1259920
156840
365200
572860
781220
989360
1199580
97340
305080
513680
721820
930002
1138640
36320
243900
452220
661160
869480
1078140
1286400
184380
392340
599480
807660
1015660
1225620
123520
331720
540940
749820
959020
1167400
64780
298400
508440
717380
925564
1133440
30920
239240
447440
655840
863960
1071160
1279240
176400
384260
592480
799440
1006800
1215200
112620
321700
530180
738060
945040
1152980
52080
260844
468620
677400
886560
1094620
1302640
200860
409460
618060
826540
1035340
1243920
142540
350460
558390
766460
974220
1182680
79920
288360
495720
703420
910880
1118800
1249900
149680
358640
567360
775160
983320
1191380
88300
297100
505380
713960
922680
1131300
28360
236380
445340
653335
862120
1069120
1277360
175240
383800
591680
799920
1008580
1216580
114100
321798
530160
738620
946260
1154340
51880
262740
472240
680420
888600
1097140
1305680
203280
412120
620322
828720
1037040
1244960
142340
350240
557480
765220
973558
1204260
101820
309660
517680
726540
934560
1142940
40620
249373
457080
665380
874100
1082460
1291300
188700
396820
604760
812060
1019500
1228240
125560
333180
540660
748300
955260
1162034
59460
266681
474580
681500
889300
1097122
1305740
203240
411120
619880
827100
1036320
1244800
141560
349820
557520
765340
972980
1180560
77700
285060
492780
702520
855300
1065700
1274960
172640
381320
588540
796640
1005380
1213660
111220
319780
528000
735860
944360
1152160
50180
258178
465900
674040
882020
1089480
1296920
194220
403520
611540
819260
1027300
1235000
133040
340960
549029
757440
965240
1173320
70620
278820
487020
694520
903160
1111540
8360
216960
424580
632440
840140
1049120
1257360
155140
363420
571600
802820
1012320
1220800
118860
326300
534160
742100
949700
1157540
54560
261820
469720
677880
885920
1093520
1302340
199920
408880
617320
825040
1032860
1240640
136620
346880
554220
762460
969880
1177760
76340
284420
491720
699000
906100
1113500
11720
218520
426360
634220
842280
1050840
1259540
156620
364860
572860
780640
988680
1196700
94309
301860
461260
671880
879720
1088420
1297200
194520
403360
611580
818640
1026460
1234820
132220
340600
549260
757560
966380
1175000
73560
281680
490000
697300
904640
1112980
10278
218960
427560
636020
844743
1052680
1260680
158140
366220
574300
782094
990014
1197900
96100
304780
512940
720060
927900
1136180
32880
241340
449440
657080
864420
1072300
1281120
178780
409060
618400
826540
1035000
1244340
141740
353020
561900
770580
978800
1186280
84620
292880
501420
708640
916600
1125360
22600
230700
439980
647600
856180
1064280
1272640
170160
378320
585558
793720
1001360
1208140
105660
313700
522860
730680
939120
1147380
45460
253540
463040
671780
879780
1088320
1297000
193580
401520
610420
818340
1026440
1235320
64000
273400
481380
690640
899380
1107900
5220
214100
422720
631360
839740
1048120
1256200
154040
362300
570900
779840
988320
1196360
93460
302080
509920
719220
927500
1135760
34040
242040
450880
659120
867340
1075440
1283440
180800
388540
596000
804580
1012860
1220940
118080
326080
533460
740440
948780
1156838
54900
262480
470680
678820
888060
1096823
20040
229720
439180
647260
855580
1064100
1272280
169920
378480
587480
795440
1003940
1213120
110720
318820
527760
735380
943420
1152200
49860
258364
466780
675540
883600
1093560
1301080
198640
406500
614380
823060
1031280
1240040
138180
347200
555580
764360
973660
1182308
80560
289280
497760
705400
914200
1123040
20760
229180
437700
646380
854780
985560
1196360
94340
302380
511220
719700
928120
1137040
34626
242980
452120
661760
870800
1078780
1288660
186280
395100
603500
812360
1020980
1231680
129360
337060
545260
753380
962100
1170360
68700
277980
486760
695880
904280
1112560
10540
218900
427580
636180
844920
1054140
271360
527460
745440
958620
1169560
70350
281500
740020
961320
1174500
74540
285280
495060
704980
914800
182300
405240
625294
836040
1047480
1257220
156020
366180
575420
785600
995300
1203720
102500
311540
521440
731080
939860
1149640
47700
256620
466413
675460
884800
1093844
1303080
201680
409960
598640
809980
1019700
1228360
126300
335540
545520
754540
963220
1171820
69120
277280
485540
693900
903080
1111380
9077
217920
427880
637140
847010
1055724
1265940
164320
374240
583840
792760
1001300
1209400
107413
316700
526860
736300
945860
1155284
53800
261760
470620
679600
888860
1098220
1306780
204740
414220
623300
833360
1041980
1250920
148720
381260
592120
800960
1009320
1218280
115500
324260
533420
741980
950240
1159000
56480
264360
473320
682440
890500
1098260
1307100
205620
414280
622860
832540
1042080
1250860
149600
358280
566720
775740
984420
1193500
91380
299500
507800
716800
925680
1134180
32940
241058
448860
658140
867320
1075680
1283380
183760
392620
601020
810420
1019980
1228420
126860
368418
579140
788580
997580
1206140
103820
312720
520960
729960
939100
1148380
46880
255080
463160
672340
881280
1089160
1297500
195740
404760
613780
823320
1032820
1242060
140460
349700
558580
767400
976040
1184880
82320
290720
498960
707220
915500
1122778
20927
230060
438360
646940
855380
1063480
1272480
170960
379560
588500
797920
1007260
1216460
138480
349080
558500
767140
975320
1184562
82900
291020
499220
708438
916780
1124940
22740
230700
439340
648240
856560
1065320
1274140
172640
380620
588940
797360
1005520
1213760
112600
321280
529880
739040
947380
1155940
54500
263420
471840
681200
889320
1097860
1306640
205160
414260
622480
831460
1039860
1248740
146620
355240
564540
772840
981060
1117300
17200
226040
435580
644500
853285
1061920
1271060
22760
241700
456360
666500
878520
1088960
1298860
197160
409440
618020
827060
1035620
1245360
146280
355120
564440
773060
981640
1193460
91880
300700
510340
718380
928980
1137460
35500
244820
454000
663600
881100
1090400
1299380
197860
404940
613300
822060
1059900
1270360
169380
379580
589000
798820
1007840
1216440
117500
328340
537620
747100
955600
1164860
63580
272540
482320
693620
903320
1112540
10620
219500
428402
636900
846800
1056540
1266720
167900
377140
585720
795780
1005020
1214280
112260
321200
529600
737920
947060
1158480
57140
265840
474880
684200
893040
1102200
1060
209840
418280
627580
858220
1068600
1279680
178100
386540
595700
804220
1013540
1222280
120620
330940
539740
749700
959840
1169720
67780
279320
488860
697760
906220
1115480
13940
223100
432320
640540
849140
1058000
1266800
164260
372660
581120
790060
1001660
1210460
108560
317900
527080
735080
943480
1151718
49400
259240
468060
677180
885500
1094780
1304400
203160
411620
528240
740820
950540
1159360
57280
265900
474860
683580
892200
1101480
1310160
208220
417780
626680
836160
1045120
1254800
153360
362020
570620
780620
992018
1201180
99500
308720
518240
726198
935560
1144240
42700
250120
459400
668820
877360
1085860
1294680
192760
401460
610020
818920
1028409
1237400
135474
346660
556980
766322
974860
1183940
82300
307820
517680
727200
936000
1144760
43300
252800
461340
670080
879180
1087380
1296620
195362
403960
612920
822120
1031420
1240460
139200
348300
559220
768400
976780
1185860
84300
293800
502900
712180
921360
1130180
28600
237280
445160
654940
863880
1073760
1282640
180680
390000
598960
807160
1016260
1225780
124680
333540
543320
752060
960900
1172900
72060
304740
515320
724620
933220
1141880
39940
249400
458040
667200
876240
1085320
1293700
191160
399700
609520
817880
1027020
1236320
134260
342740
551700
760840
969820
1178980
77320
285980
494820
703440
912060
1121960
22660
232300
440920
650040
859380
1068200
1277080
175040
384320
592840
801640
1010580
1219440
118580
327700
536960
746240
955400
1165180
170100
382460
594340
805080
1014940
1223940
122120
331180
541300
749360
957980
1166580
65140
274100
483620
692080
901400
1112420
11420
220320
429300
637742
846580
1055840
1265740
163980
372514
581140
790840
1000220
1208380
107320
316600
525980
734520
944120
1153700
52500
261164
470220
679053
889020
1097920
1306920
204800
413680
623240
832240
1049975
1260860
159160
367880
577540
787000
995520
1204100
103220
311440
522420
731380
940180
1148980
47020
256280
465202
675100
885220
1094300
1303240
200940
410844
619860
828040
1036960
1246380
144740
353540
562260
771360
980440
1189900
87600
295840
504400
713260
920980
1130320
27935
236480
445120
653800
861300
1070180
1279053
177540
385820
594740
821940
1031500
1240560
138080
347100
556720
764980
975620
1183875
81680
290960
500040
709380
918080
1127040
24960
233620
442360
650640
858340
1066660
1274620
173640
382740
591520
800440
1008600
1218020
116760
325660
534240
742620
951700
1160260
58560
267000
475560
684120
892820
1101300
1309820
208240
417260
625500
834780
1042740
1251660
150140
359740
568340
798080
1007800
1216520
114680
322540
531120
739760
948380
1159660
57580
266500
475420
684780
893620
1102320
1310580
208960
418100
627600
837160
1046900
1254980
153340
361900
570860
780020
988780
1197880
96180
305340
514260
723480
932260
1141220
39100
247780
455500
663940
871780
1081320
1290720
188600
396840
605460
814780
1022980
1231900
129820
338180
460660
671680
880800
1089280
1298060
196340
405140
613320
822280
1031860
1240940
138160
347380
556060
765360
973480
1181960
83020
292040
500600
709180
917660
1126140
23820
232200
440440
649340
858380
1067442
1276720
173600
382020
591200
800160
1008440
1216920
114600
322940
530900
739100
947500
1156120
52640
260020
467580
676180
883700
1091580
1299340
196500
425400
634340
843180
1052040
1260300
158420
366880
575300
784460
993020
1202180
100500
309660
518020
726100
935140
1144300
42580
251120
459240
667960
877140
1086100
1295080
192980
401320
610320
819240
1028300
1237360
135520
343860
554860
764360
972518
1182520
80140
288600
498028
707820
914840
1124460
22440
230300
439000
647020
856200
1065120
1273660
65220
274120
483440
691360
899480
1108180
7200
215240
424040
633240
842040
1050940
1259240
156840
366480
575540
783500
992120
1200720
98940
308220
517580
725920
934120
1142722
39900
248760
457960
666340
874900
1082840
1291560
190200
399540
608220
817240
1025660
1234460
132380
341000
550300
758780
967820
1177020
75240
282800
490780
700040
909120
1117640
34533
243460
453260
662320
870440
1079560
1288040
188540
397360
607140
815480
1023940
1233180
131860
341500
550300
758480
967300
1176080
74800
285200
494420
703600
913400
1121840
21655
230760
439840
649240
858760
1068120
1277200
175720
385760
595020
804480
1013060
1222880
121300
330400
538500
747180
956660
1165820
64420
273040
482680
691640
901900
1134040
32960
241660
450320
659080
867580
1076580
1286040
184160
393140
602380
810620
1020600
1230000
129240
338760
548000
756420
964720
1174356
72600
280980
490060
699560
907920
1116160
14140
222400
431440
639920
848620
1056400
1265580
163840
371940
580000
788100
997760
1206360
104340
314940
523720
732440
941020
1150060
49440
257580
465920
673440
786720
997020
1205880
103520
312580
521700
729800
938500
1147260
45220
253880
462580
670560
879640
1088880
1297500
195540
404600
612940
821800
1030460
1238920
137080
345260
553960
762980
972080
1181260
79640
288940
497300
705620
914180
1123000
21060
229940
438860
648260
857560
1066620
1275200
173680
383560
592540
801560
1009840
1217820
115900
325360
550840
761300
970700
1178840
75620
284880
492680
701287
910040
1118540
16360
224660
433260
642600
851620
1061800
1270280
167820
376120
583740
791820
999780
1208560
107160
316760
525980
734160
941960
1150920
49320
258420
466240
674000
882640
1090880
1301640
200300
409160
617460
826100
1034400
1243000
140780
348860
557560
766480
975220
1184720
82880
291180
393340
603260
812660
1021660
1230740
129340
337980
546980
755960
965180
1175260
72720
281460
491500
700800
909780
1119560
17940
227460
435700
644620
853960
1063020
1272820
170520
379440
588600
797540
1006560
1216320
115520
324700
534720
743520
952180
1161700
59640
268180
477480
686540
895520
1104060
2500
212520
421700
630340
839200
1048120
1256800
239200
453460
663400
872560
1081520
1290960
189680
399880
610520
819620
1029100
1237880
136060
345120
554420
765120
974500
1184660
83160
292800
501860
710980
920140
1128880
27180
236800
446200
654440
863760
1072340
1281300
179360
389300
598460
807360
1015560
1224880
123600
331480
539640
747840
958320
1166660
64720
273380
482180
691700
899960
1108400
720
210060
419780
628980
838020
1046960
1255840
154180
362300
571360
780840
990000
1198980
96660
305060
514500
723360
932960
1142500
40820
249680
458680
668360
877260
1085820
1294740
191960
400340
608560
817040
1026160
1235280
134020
342740
550960
760580
970280
1179140
76320
284700
493020
702060
911920
1120540
18720
228000
436780
646020
854920
1080940
1291700
190900
400260
608620
816680
1024580
1233300
131360
340260
549160
758100
966180
1175700
73240
282000
490660
699800
908380
1116960
14540
223380
431100
639020
848140
1058260
1267600
166200
375620
584480
793380
1002600
1211720
109160
317724
526880
735320
943960
1153400
51580
260420
469920
678000
886900
1095400
1304080
202220
410240
618160
827320
1056660
1267240
166720
375600
584340
792580
1000740
1208920
106600
314800
525740
735280
944440
1153260
51820
260620
470060
679180
888380
1097080
1306460
205000
414520
623460
832460
1041820
1250960
149240
357860
566380
775580
983580
1192500
92040
300740
509620
718860
927780
1136240
35660
244180
453460
662820
872420
1082380
1291200
189660
398620
607920
722120
933160
1142680
41200
249622
457660
667100
875725
1086000
1295380
193760
402220
610920
819460
1028480
1237360
135460
343560
552140
761260
970600
1179680
77600
286940
496554
704900
914200
1122860
20660
230220
439360
647900
856720
1064220
1272920
170680
379760
588650
798300
1006940
1216500
115398
325440
534002
743120
952820
1161160
59140
267240
493820
704900
913320
1121900
21100
230160
438640
647200
855444
1064240
1272640
170177
379440
587800
796260
1005120
1213360
110959
319800
529400
738560
947600
1155840
53820
263280
1257300
162660
376700
588160
799180
1009360
1218760
117960
328940
538440
748000
956720
1165680
65500
274560
483740
693360
902080
1112160
11540
220260
334160
544880
756620
965460
1173580
71620
279920
488300
702360
911360
1121080
20280
229000
438020
646980
857520
1066500
1275720
174000
382300
590140
800500
1009420
1219641
116780
324880
533200
741900
949860
1158460
56280
265100
475800
684500
894920
1104160
1920
210440
418760
627500
835800
1044260
1254600
152540
361560
569840
778460
987920
1196440
111200
321360
530300
739820
951260
1159720
58620
268080
477377
686340
896220
1105600
4120
212620
421240
629360
838000
1048880
1257860
155440
363880
572440
781440
990440
1199620
97540
306900
515760
724480
932260
1141420
42530
251260
460800
669960
878060
1087200
1295720
194200
402920
612680
821340
1030380
1238860
137440
346040
555060
766560
976100
1205660
107420
316180
524500
734260
943480
1153020
51760
261100
469080
677360
886420
1095500
1306040
204320
414240
625820
834680
1042920
1251480
149500
357780
566500
775020
983140
1191600
90380
298260
507380
716500
925040
1134500
31680
239780
448420
656800
866920
1076240
1285440
184420
392980
602240
810840
1019740
1228560
125820
334280
542940
750920
959620
1190720
89520
299200
508580
717180
926380
1134980
32800
243280
452320
659960
867760
1075300
1283660
182080
391420
600120
808480
1016877
1225940
123820
333140
542260
751260
961140
1169540
67680
276380
485440
694460
903200
1112620
10580
218900
430020
638500
847080
1055760
1263380
161053
371000
580040
789160
997400
1206440
103640
311960
521000
729620
849700
1059500
1268998
166620
375500
584866
793900
1002300
1210240
107800
317020
525600
734820
945060
1154220
52040
260300
468980
678560
887080
1095440
1304100
202440
411140
619300
826920
1036120
1244460
142360
351680
560350
769260
978460
1187180
84660
293120
501740
709840
918700
1127340
26360
235440
444340
652760
862820
1074440
1283760
181340
389760
616560
827360
1035920
1244160
142180
351040
560020
768360
976880
1185180
83080
291500
500280
709600
918080
1127180
25500
234880
443540
652020
861160
1068780
1277680
175460
384540
592524
801360
1010960
1219580
117380
326460
534760
744920
954020
1163560
62500
271700
481160
690780
899460
1107565
6580
215300
424960
633840
842441
1050980
1260260
158380
367280
598640
808620
1018840
1227420
125920
334940
543860
753000
962500
1172020
70500
278760
488380
696880
905800
1114200
11653
220200
429120
638240
846620
1054960
1264860
164840
373460
582060
790920
999340
1208400
106400
315114
524160
732780
942280
1151200
49400
258400
467540
675880
884940
1093720
1302600
200840
409740
618520
827840
1036460
1244940
143980
256940
467000
675580
884440
1092460
1300680
198580
406920
616000
824240
1033560
1241920
138620
347040
555980
764820
973880
1182240
80740
290020
500660
709480
917700
1126300
24320
233760
441900
651120
859720
1068300
1277120
174460
383920
592640
800900
1010100
1218880
117080
326760
535480
743720
953040
1162320
59940
268340
476400
685240
893820
1102460
18360
230180
439000
647580
857100
1065960
1275820
173780
383060
591740
800700
1009540
1218899
116335
324860
533640
742400
950980
1159260
57920
266480
475780
685520
893878
1102840
200
208860
417660
627340
836240
1044460
1253340
151500
359700
568460
777520
987260
1196140
94140
303400
512300
721800
930980
1139280
37560
246500
455880
664402
872660
1081080
1310080
209600
418500
627520
835980
1045200
1253500
151520
360000
568800
777300
986020
1193780
91600
299961
508740
717540
926480
1135300
34160
242620
450740
658660
866960
1075920
1283880
181260
389480
597420
806740
1017800
1227180
126140
335380
543920
752880
961300
1170260
68120
277160
484980
693980
902780
1112200
10600
219240
428800
637700
846680
973020
1183580
82180
291060
499380
708560
917120
1125780
24440
233500
442120
650660
859320
1067860
1276340
173560
381400
589980
798220
1007120
1215060
112960
321440
529160
738160
947120
1156343
54741
263180
471720
680460
889940
1099400
1308060
205680
414240
621860
830300
1038600
1246800
145380
354600
563420
771960
980360
1189420
89480
297700
505680
713540
941660
1150400
47540
256640
465400
673390
882258
1091000
1300020
199180
407520
616640
825860
1035380
1244300
142080
350320
558480
766340
974220
1183040
81480
290160
499100
707880
916600
1124560
22560
231760
439660
648620
857640
1066520
1274660
172760
381500
590120
798840
1006314
1216100
113340
322380
531180
739560
947380
1156300
54980
263840
472540
575760
785980
995920
1205295
103080
311680
520860
729400
937900
1147180
44960
254300
462802
671560
880240
1088580
1297040
195420
403960
612560
821600
1032080
1240980
138580
349360
558480
766380
974560
1183460
81660
290480
498740
707400
916340
1125666
24200
233300
442760
651840
860980
1069740
1278340
176698
385680
594920
803080
1012960
1222460
120860
347240
558760
767660
976460
1185200
83220
292080
501700
710920
919878
1129460
27760
237540
446025
655640
864080
1072260
1281000
179720
389180
597820
806780
1014880
1224000
121980
331080
539860
748600
956920
1165820
64180
273280
482620
692060
901640
1111020
9100
218880
427900
637280
846140
1054700
1263600
161340
370560
579860
789160
998360
1206200
104380
336520
547000
755460
964620
1175080
73480
281420
490600
699620
908240
1117540
15720
225260
434280
643293
852380
1060860
1269840
168620
376960
585180
793580
1001620
1210260
108080
317240
526740
735840
946280
1156060
53680
262600
472000
680720
889200
1097220
1306100
203900
413160
621840
830420
1039360
1248540
146440
355680
564760
772980
982420
1191700
1294800
194440
404047
612560
820880
1029340
1238240
135320
343600
552482
760980
969420
1178260
76020
284440
493240
701440
910380
1119220
17360
226280
435440
644600
853740
1062280
1271260
168160
376360
586280
795520
1004140
1211920
109855
319460
528140
737220
945780
1154436
52480
260620
469800
678600
887280
1095880
1303840
201560
410060
619540
831080
1059140
1270120
169060
378060
586540
795300
1004460
1213460
112500
321180
530140
739120
947860
1156720
55300
263360
472180
681420
889920
1098640
1306760
205320
414080
622940
831340
1040980
1249380
147280
356020
565360
773880
983320
1192160
90260
298860
508120
716340
925700
1133660
31660
239920
448840
658620
867640
1076640
1285500
183820
393800
602540
811880
1042580
1253240
151660
360980
569560
778720
988440
1197840
96700
304500
513320
723260
932560
1142306
40900
250361
459280
668260
877380
1086400
1296180
194340
403640
613320
822360
1031440
1241100
140000
349280
558460
767560
977300
1187760
85980
295080
504080
712620
921900
1131760
30500
239540
447760
656020
866380
1076360
1285940
183980
392640
602900
812020
1022560
1231920
130180
339220
550760
759114
968040
1177040
74340
283800
492300
701620
910060
1118520
16120
224620
433800
642800
851740
1059340
1268460
167010
375500
584240
793480
1002280
1210940
109760
318580
528360
736820
945760
1154900
52420
261070
470240
678900
889300
1098060
1307240
205440
414580
623320
832460
1041200
1250380
148460
357280
502360
713760
923906
1132280
29900
237840
446720
654560
863920
1073180
1281640
180160
388960
597660
806400
1016060
1225100
122440
331820
540480
748980
957440
1165940
64260
273440
482160
690240
899040
1107860
6060
214520
422880
630700
838700
1047440
1256540
155840
364540
574200
782600
991718
1200860
99560
309020
517940
726780
935660
1144560
42640
309740
525580
736560
945720
1154562
52660
261160
469700
679400
888460
1097620
1306940
205260
413500
622640
831320
1039620
1248460
146180
355060
563880
772500
980680
1188940
89660
299640
508560
717398
925480
1134100
32560
241840
450500
659940
868860
1078000
1286580
184940
393580
601880
809500
1018600
1226440
124400
333140
541560
749900
958260
1166960
84520
295280
504420
712460
920980
1129180
26500
235860
444520
652960
861600
1070500
1279160
177040
386620
595180
804060
1013240
1222140
120340
329100
537700
746580
955240
1163260
61120
270240
479220
687500
894700
1103420
2154
210040
419400
627780
836280
1044460
1253640
151780
359920
568760
776700
985420
1193940
91680
300880
509620
718720
927900
1135800
55140
265280
474260
683240
892220
1100880
1310276
208740
416980
626120
835380
1044840
1253620
151920
359760
568640
779440
988380
1197600
96240
304880
514880
723800
932440
1140840
39640
248980
458380
666960
876040
1084260
1292920
191500
400720
610280
819300
1027740
1236280
134640
1118620
24320
237380
448960
659840
870820
1030560
1242160
143660
352800
561260
770680
979206
1189620
88040
298200
506560
715720
926820
1136220
34580
244420
453460
664300
873520
1082620
1291140
189340
398780
611420
820337
1029800
1239320
137700
346840
556080
767200
976500
1185200
83260
292540
500680
708560
915920
1126360
24960
233820
442455
650380
859460
1067540
1275720
174140
384278
593440
814100
1024000
1233380
131560
341000
549800
757860
965980
1175940
74380
283240
491920
700480
909080
1118780
16960
225440
433260
641300
851720
1061360
1269540
167780
376560
585100
793020
1001460
1211300
108660
316760
525640
734900
946620
1156260
55320
264060
472680
682000
891240
1100200
1310360
208580
417620
626640
835560
1044380
1255460
154460
363320
590980
801760
1011340
1219960
119040
328500
537160
745920
954220
1162520
61340
269740
477480
688000
897980
1106240
3760
212740
420540
630060
838320
1046880
1256200
154220
363380
572380
780415
989180
1197500
96100
305762
516940
725660
934140
1142560
41086
250720
459140
667340
875540
1084869
1293500
191680
400120
607820
816360
1025240
1234720
133380
342240
570580
783540
992700
1201000
99320
308480
517940
726220
935700
1144840
42420
251200
459680
668740
878335
1087660
1296500
195320
404500
613080
821580
1030760
1239620
139680
349140
558400
766840
975880
1184760
82520
292020
501840
711260
920720
1129920
28380
237120
445020
654206
862920
1071740
1281000
179120
388740
598780
807600
1016760
1225220
123220
238180
448220
657160
866400
1074420
1283160
180720
388720
597500
806678
1014700
1223940
121860
330320
538420
746600
955160
1164320
62160
271240
480400
688440
896760
1104540
2300
211080
419140
627360
838860
1048240
1257260
154160
362820
572440
781040
989640
1198220
97460
307500
516040
723780
933100
1141780
40120
248860
457500
665280
874320
1082840
1309140
210100
417900
626720
834980
1043950
1252780
151180
359900
569440
776600
987840
1197280
95220
304400
513140
721900
930640
1139380
37920
247560
456540
665380
874300
1083400
1292640
191280
400120
609660
818740
1028100
1237140
135440
344080
552500
760460
968860
1178260
76600
285640
494676
703420
912520
1121820
20069
229460
438220
648600
857720
1066800
1300120
200640
410180
619880
829100
1038180
1245760
144160
352320
561700
769396
977600
1185580
83400
292700
501440
709420
919160
1127380
25460
234080
442260
651060
860020
1068960
1278460
176700
386080
594980
803660
1012280
1221400
119000
327180
536480
744580
952620
1160920
61700
270800
478920
687560
895800
1103740
1940
210440
419080
627520
836258
953140
1162640
61480
269300
477880
687340
896300
1105100
3400
211440
420660
629700
838600
1047800
1255860
153960
363100
571920
780080
988100
1196340
94320
302600
510760
719380
927820
1136480
33920
242520
451420
660520
869000
1077500
1285760
183420
394920
604100
813100
1021580
1230593
128740
337060
545780
754100
962080
1170276
66720
274760
483480
692260
920820
1129880
26660
235060
444460
653280
862020
1070680
1279260
176500
385180
594100
802640
1011360
1220160
117540
326440
535484
744240
953280
1162140
59860
268580
478100
686760
895800
1103460
1820
210700
419960
629840
838700
1046740
1255400
153560
361860
572620
780320
988280
1196780
94840
303000
511720
721040
929480
1138380
35420
243480
452540
568220
778640
987460
1196800
95260
303960
512860
721087
929480
1139100
37820
245840
454660
662480
871420
1079500
1288800
186400
395320
603480
812480
1022160
1230940
129940
339060
547740
756280
964000
1172560
70520
279600
488260
697100
906580
1115020
13000
221660
430300
639000
847240
1055180
1263540
161318
370701
578600
790140
998940
1206720
105360
330900
540520
749180
958340
1166880
64700
273200
481200
690540
899040
1108140
5960
214940
423660
631420
839240
1047560
1256204
154460
363460
571960
780580
989280
1198600
97020
304940
512180
721060
928980
1136840
34240
242260
450900
659620
867960
1076100
1284360
181960
390260
599080
807760
1016480
1225820
123540
332480
541080
749820
958820
1167340
65798
292780
502300
711020
919260
1126880
24880
232880
440180
648720
856720
1066200
1277460
175320
384480
592360
800840
1008820
1217280
114200
322860
531980
740660
948180
1156760
55540
263240
470900
679180
887960
1096460
1304660
201920
409820
617580
826140
1034320
1243100
140918
349420
557640
767140
975340
1183900
83000
291500
499280
707140
915340
1122740
1259820
158615
368160
576720
785780
995120
1203500
101220
310000
518578
727280
935220
1143280
40500
248920
458040
665700
874220
1083560
1293040
190880
399700
608400
816620
1025320
1233740
131580
340280
548300
755620
963520
1171880
69660
278360
486260
694340
904680
1113360
11880
220020
428620
636740
844840
1053558
1261200
158640
366980
575140
783820
992060
1222260
121680
331080
540600
749340
958520
1166700
64960
273160
482380
690780
899480
1108800
7120
215880
425080
633960
842860
1052080
1261280
158780
367660
576120
784455
992840
1201340
98880
307880
516360
725260
934780
1143600
41660
250920
459900
668960
877660
1087000
1295600
193360
402680
611380
820320
1028860
1237840
135360
343240
551640
760480
873640
1083400
1293440
190840
398840
606940
815840
1024860
1233520
131420
341380
549680
758240
966960
1176020
72900
281060
489780
698040
908760
1117220
14700
223220
432300
640660
849100
1057920
1266600
164420
373120
582340
790640
998920
1207340
106360
314660
523020
731576
940320
1149200
47080
255540
464660
672600
881040
1090640
1299760
197400
406080
630740
841900
1050820
1259320
157400
366420
574380
781940
990356
1199280
97920
306880
514740
723074
932000
1140780
38820
246440
454480
663180
871200
1079500
1288640
185920
394640
603180
812060
1021880
1230720
128780
337760
546400
754980
962780
1171380
69260
277380
485880
694840
903140
1111740
9280
218020
426400
634180
843180
1052100
1260060
157880
365200
469740
679340
888720
1097720
1306020
204460
413020
621500
829860
1038360
1247000
144960
353120
564340
773540
981900
1190940
89440
298793
506840
715320
922940
1132120
30080
239180
447420
656200
864802
1073560
1281620
179340
388020
596360
803900
1012860
1222320
119940
328960
537880
746260
954920
1163660
61860
271200
480040
689000
897820
1106780
4480
213000
441933
651362
860080
1069700
1279240
177120
385240
593880
802760
1011680
1221000
119238
328480
537860
747040
955600
1164780
62900
271120
480580
689040
898140
1106700
4780
213880
422100
631420
840480
1049920
1259200
156980
366540
574580
783060
991720
1200400
97520
305500
514000
723680
933000
1141620
39060
248120
456240
664940
873060
1082380
1291480
68780
279280
488040
697520
906420
1114420
12420
221140
430040
638660
847220
1056220
1265400
164120
373300
581720
791220
1000162
1208040
108240
317160
525840
734080
941840
1149880
47520
255280
464340
672680
881560
1090160
1299140
196700
404920
613540
822200
1031060
1240020
137940
346020
554620
764380
974060
1182820
81220
289960
498440
707560
915980
1124800
44260
252580
461960
670020
879000
1087440
1297040
194900
403660
611840
820540
1028760
1236860
134160
343480
553020
761420
969720
1179540
77800
286760
495740
704020
912940
1122260
20420
229240
437120
646120
854800
1063420
1272840
171260
379660
588580
796642
1005380
1213220
110960
318820
527660
736140
945000
1153360
52162
260240
469460
678140
887560
991400
1201680
100040
308620
518280
726680
935620
1144980
43100
252860
461640
669900
878680
1086720
1295560
192920
401220
609200
817010
1025380
1233040
131400
339640
548340
756960
966940
1175640
73260
281880
490120
698420
907522
1116260
14520
222420
431880
641140
851620
1061280
1270340
169460
378000
586040
793780
1002002
1210840
108440
317060
525680
752200
964140
1173160
70880
280080
488722
697340
905920
1113880
12140
221140
430360
638500
847460
1055560
1264520
162340
370920
579380
788160
996340
1204800
102760
311360
520240
728720
937380
1146640
45060
253920
463300
671740
881340
1089780
1298160
196460
404980
614360
822920
1031120
1240040
137460
346140
554280
763520
972440
1181180
78660
288500
497380
580940
789920
998980
1208700
106940
315780
525320
734140
942540
1151520
49940
258560
468300
679000
887760
1096920
1306560
205240
415780
624360
834380
1043420
1251540
149400
358440
567220
776400
986160
1194500
92440
301780
510220
719120
927320
1135560
33380
241740
450040
658880
868020
1077640
1286740
184960
392920
602300
811060
1019440
1227942
126440
391760
609080
820240
1029620
1239200
905640
1120940
24300
235240
447695
657560
867600
1077420
1287842
186300
395080
604180
812860
1024280
1233700
131180
340160
548540
758660
967520
1176440
74540
282800
493220
702700
912100
1121180
19220
227940
441820
651220
859580
1068960
1278560
177760
386620
597480
806620
1016400
1224900
123880
353940
563440
772620
984080
1193340
91920
301240
509600
717900
926500
1134720
33238
244240
452620
661340
869100
1078180
1286840
184600
393760
601380
811280
1021498
1229620
126940
335420
544500
753240
961520
1169480
67880
276140
485480
696980
905860
1114360
12120
221180
429700
638900
847300
1055900
1264060
162140
371020
580000
791480
1001260
1210480
109220
319060
527620
736840
945900
1154480
52760
261280
469720
678380
888120
1098700
1306980
204720
413900
622740
831340
1040380
1249200
146180
354800
562940
771240
979340
1187800
85700
294360
505180
714400
923040
1132340
29876
240360
448180
657280
865780
1074620
1283180
180980
390100
598580
807380
1016020
1224860
122980
334240
542760
751860
960940
1108520
9280
219560
429040
638480
847620
1056620
1265460
164260
374040
583220
791900
1001040
1210080
108420
316900
528960
738180
947360
1156140
54540
263060
472740
682280
890720
1099600
1308620
207160
416240
625140
833480
1042940
1252260
151180
359720
569300
778340
987900
1199480
98020
307100
515840
724840
934580
1144240
41360
249980
459180
669060
893320
1103700
2060
211280
420380
629240
838080
1047460
1255780
153600
362740
571500
782140
991180
1199300
100040
308662
517420
726540
935540
1144520
41800
249980
458820
666840
876080
1084380
1293320
191880
400700
610200
819620
1028480
1237360
135416
343900
552480
761140
970280
1178880
76360
284460
492300
703080
911880
1120240
18380
226560
435640
643338
871880
1081020
1289900
187780
396160
604920
813320
1021580
1230100
128000
336940
545620
754260
963300
1172258
70540
279720
488600
697080
905700
1114360
12000
220200
428480
637800
848440
1057920
1266120
163700
371780
580000
788240
996800
1205480
103900
312960
521940
730540
940020
1149060
47420
255460
464280
673740
883460
1092240
1301180
199240
408740
502020
710980
920380
1128880
27240
236020
445360
654180
862360
1071160
1280020
178300
389220
598260
807520
1015520
1224420
122280
331560
540280
749420
957960
1166400
65060
273240
482640
691800
901140
1109280
7620
216980
426420
635300
842540
1050740
1259100
156740
365180
573200
781400
990020
1198656
96660
303957
512620
721060
929020
1137160
35500
243660
476200
685140
894280
1105160
3660
213360
421780
630380
839580
1048680
1257320
155600
363800
572840
781480
991360
1199940
98420
308440
517440
726840
935580
1143680
41880
250100
459300
667360
876020
1085349
1293760
190840
399800
608560
816140
1024300
1233440
131060
339900
548740
757220
965620
1173760
71080
280120
489200
698020
906175
1115100
13540
247880
458080
667850
875920
1084140
1292400
190120
397920
605340
814020
1022720
1231580
129260
337660
545960
754860
964040
1172660
71180
279900
488500
697220
905580
1114820
13140
221560
430520
638660
847380
1055280
1263080
160960
369880
578380
786760
994580
1203120
100780
308900
517260
725280
932760
1141820
39200
248080
457160
665300
873640
1082320
1221820
121900
333240
543600
753520
961800
1170200
68020
276840
486000
693860
902940
1112200
10960
219500
428480
637060
846040
1055000
1264080
162208
371200
580100
789340
998600
1207340
105160
314020
522860
731060
939720
1148140
46240
254760
463220
671920
880200
1088680
1296900
195220
403540
612514
821160
1030240
1239020
137020
345940
554380
763080
991900
1202490
100480
309180
516760
725320
934280
1142560
40460
248420
457480
669160
879280
1088340
1297400
195080
404100
612680
821600
1030580
1239920
137340
347220
557060
766160
974620
1184340
82920
291300
500620
709260
917885
1126440
23900
231940
441340
649520
858460
1066800
1276360
174080
383316
591660
799920
1008260
1216580
114230
323120
531960
741340
973200
1182333
81180
290220
498540
707820
916820
1125660
24320
233460
443120
652180
861640
1070340
1278320
178020
387600
596520
805360
1013860
1223160
121280
329220
537680
746520
956200
1167680
65620
273500
482180
690740
899880
1108980
5860
214060
422820
632080
840520
1048960
1257180
155000
364260
572120
780480
988701
1196440
94300
302840
511280
618620
831020
1039740
1248440
146500
356340
564860
773380
982200
1190020
88080
297280
506320
715520
923860
1132260
29935
238160
447580
655620
864380
1072660
1281340
179130
387680
596480
805480
1013581
1221260
118540
327420
536640
745640
954080
1162685
61040
268820
477420
685960
894520
1102360
440
208300
417100
625920
834680
1042940
1252160
150100
358580
593060
804600
1014180
1222580
120380
328840
538060
746580
955400
1164500
62240
270260
478240
686740
895340
1102620
1310300
207960
417140
625580
833920
1043320
1251740
149860
359013
567660
776880
984800
1193300
90520
298920
507620
715660
924320
1133120
32120
240880
448900
657100
865440
1073420
1282040
178900
388080
597540
805700
1013820
1222360
120260
236600
447720
657260
865820
1074340
1282340
181020
390240
598469
807300
1016260
1224960
123200
331420
540180
749360
957680
1167060
65480
274240
483140
692080
899980
1108780
5840
214200
422760
630400
838300
1046000
1254080
152040
362140
571300
782480
991320
1200600
99060
307820
516660
724800
933440
1142260
39900
248020
456340
664560
873080
1082260
820
211620
420200
629920
838920
1047460
1256380
154680
363080
572640
782260
990520
1199760
99120
308400
518000
727280
935780
1144340
42980
251180
459220
668380
877440
1086000
1295180
192320
401480
610400
818980
1028300
1236780
134660
343800
552600
760040
969000
1177380
76020
284780
493880
702520
910500
1119020
17380
227020
434960
643220
852280
1060680
1292660
192480
401480
610340
818820
1027095
1235640
134020
343040
551360
760044
968040
1176040
73860
282840
491240
700200
909300
1117020
14720
222900
431900
641160
849940
1058480
1266120
164060
372380
583460
793120
1002140
1210940
109200
317760
525640
734520
944080
1153500
51540
260160
469100
677620
886380
1095200
1303500
201280
409740
619000
828040
934500
1144620
42160
250960
460040
668740
877920
1087100
1295640
193780
402080
611040
820180
1028920
1237400
135080
343127
552840
761640
970400
1180120
78620
286380
495900
704820
913820
1123300
21020
229900
438120
647940
856740
1065386
1274800
172760
381800
591200
800400
1009440
1218260
116820
324640
532860
742440
951280
1160060
57900
266420
474180
705200
916800
1125900
24020
232500
440400
648760
857780
1066640
1275880
173740
382440
591380
799900
1007960
1216000
114060
322520
531840
740560
949920
1158780
56740
266400
475300
683840
893140
1101320
1309680
207940
416540
624620
833140
1041720
1250340
150320
360060
568120
775980
984340
1193640
90940
299360
508760
716980
926380
1134960
32440
241077
449900
681240
890580
1099400
1307500
204940
413560
622020
831240
1039940
1249282
147300
355121
563900
772920
982400
1191020
89220
297760
507040
716280
924960
1134160
32320
241180
449733
658060
865800
1074496
1282620
180440
389400
598340
807320
1016140
1226280
124400
332260
540660
749440
958676
1167540
65800
275080
483540
691754
899920
1108260
6540
214840
347440
558320
767420
976320
1184740
82140
291120
499220
707380
916760
1125460
23820
231480
439600
648140
856700
1065520
1273820
171180
379860
588480
797500
1005300
1213440
112800
322040
530460
738200
946400
1155340
53200
261720
470460
678300
887320
1095900
1304900
202940
411440
620620
829820
1039120
1248660
146800
355800
565720
774880
984040
1192960
114746
327380
537120
746280
957540
1166500
63120
272040
479660
688060
897240
1105500
4020
212220
420780
628600
837500
1045660
1255380
153860
362100
570500
779320
987640
1196160
94240
302720
511240
719760
927920
1137500
35880
244960
454080
662420
870500
1079560
1288080
186500
394600
604880
812840
1021440
1230060
128080
336440
545720
754162
962940
1171300
91520
301460
509960
718517
926500
1135000
32880
241640
450440
658940
867647
1075960
1284300
182320
391020
599880
808360
1017140
1226560
124640
333560
542300
751140
960560
1169620
67180
275740
484620
693360
902020
1110840
8580
217100
425180
633640
842020
1051900
1260660
159460
367900
577420
787260
995540
1203580
102380
311520
520540
729120
937420
1054320
1264560
161800
371020
580060
788600
998120
1205956
103300
311460
520480
728900
936880
1146180
44360
252900
460438
668840
877540
1085540
1294320
970380
1186300
89560
300680
512300
722780
931960
1140740
39440
248840
458020
667160
875600
1086600
1295980
193740
401800
611000
822040
1030860
1239620
137558
345440
555760
764080
852580
1063400
1273240
171680
387840
597540
806640
1014600
1224415
121860
330060
540800
750380
959140
1167420
64700
273460
482240
691660
902380
1111460
10980
219400
428078
636520
844960
1053800
1261798
162166
371680
580840
789680
998940
1207920
106460
315040
523520
732320
943260
1152340
50280
258540
467080
675060
884360
1093320
1302740
200220
408880
643480
855522
1063820
1272600
170000
379000
587640
796860
1005680
1214700
113700
321120
530420
742060
951900
1160600
58280
267367
476040
684380
893620
1102520
940
209840
418440
628760
837300
1048760
1258500
156500
364780
572940
782220
990917
1200300
98900
308160
516714
726760
936660
1145000
42760
252440
464240
673660
882900
1091800
1300800
197840
467860
685600
896480
1106260
4780
213560
422000
631220
840140
1048700
1257100
154660
365860
576240
786360
994660
1203540
101280
311180
520280
729300
938200
1145640
43280
251540
460160
668173
877320
1086280
1294660
192580
401220
612280
820960
1029560
1237800
136420
344760
553738
762280
970260
1179040
77180
284980
494000
703280
912060
1120500
18760
250800
461660
670340
879540
1088420
1300180
199000
407620
616380
824580
1031700
1240100
137674
346060
554500
763220
971580
1180180
77500
285960
493400
701880
910350
1118260
15760
225320
433960
642480
852140
1059820
1267680
167600
376380
585640
794560
1004060
1212960
111040
319760
528420
737000
947120
1156260
54440
262820
471920
680270
888760
1096680
1304713
228080
438040
647480
856640
1065100
1273840
171762
379780
587500
797880
1006980
1215800
114000
321820
530260
738340
947220
1156560
53700
261680
470240
678640
887720
1096540
1305500
202700
411480
620120
828380
1036240
1244940
143164
352260
559960
768100
975960
1184660
83220
291560
499740
708160
918980
1128500
27540
235718
443960
652260
860800
1070120
1187100
86820
295820
503720
712360
921960
1130360
29420
237540
447020
656040
864880
1073640
1282460
179820
388660
597120
805460
1014660
1224060
123300
331360
540400
749800
958500
1166760
64780
273660
484060
693042
901720
1110120
8640
218580
428080
636380
845000
1054140
1262560
161280
370400
579760
788740
997420
1206860
105820
315300
524800
734200
963960
1174620
73880
283340
492240
701460
910700
1119320
17960
227140
436140
645280
854360
1062540
1270920
168580
377180
586500
794740
1003600
1214780
113060
321580
529500
738240
946340
1154880
51820
261199
469800
678060
887120
1095600
1304320
202480
411320
620480
829640
1038380
1247060
145160
353580
562280
771400
979218
1187740
85780
292820
501860
709520
940880
1150540
48220
256980
465455
674020
882180
1090720
1298960
196780
405200
614840
823160
1031940
1240040
137400
347460
555880
763960
972500
1181080
80040
289180
498660
708520
916980
1125700
23480
231320
440120
649520
857940
1066810
1275660
173180
380820
588200
796680
1005180
1212700
110120
318640
527380
735161
943060
1150680
48540
256800
464260
633900
846960
1057200
1266280
164260
372440
581140
790360
999118
1207260
104640
314220
524120
731960
941180
1150460
49420
259500
470500
678940
887780
1096780
1306440
204180
413600
622480
831100
1039740
1248640
145980
355300
564340
773140
982100
1190700
89760
298860
507640
716220
924500
1134340
32560
241740
450260
659654
868700
1077540
1285820
182900
396300
606900
816500
1026260
1234680
132420
341240
550360
760140
969569
1179740
77300
285860
494860
703400
911560
1119680
18198
227281
435900
644540
853160
1062180
1270540
167920
376900
585780
797540
1007060
1215920
114400
323320
532420
741300
949480
1158300
56244
264580
472280
680840
889260
1098640
1306820
204600
412920
621380
830380
1038480
1247900
167100
377700
587340
796284
1004520
1213000
112740
321720
530860
740400
949720
1158960
56260
264869
473760
682038
890280
1098840
1307480
206319
414700
622980
831620
1041560
1250700
148040
356600
564560
773640
982360
1190160
88160
298020
506440
714480
923980
1132920
30180
238180
446500
655720
864900
1074080
1284920
182460
391980
600700
809760
1018220
1226640
148580
358120
567000
775300
984060
1192580
89860
298620
507680
715960
924180
1133640
31640
239360
447680
655700
864340
1073180
1281640
179420
387780
597080
804520
1013800
1222180
119980
328700
536980
746002
954120
1162840
61300
269820
478380
686920
895100
1103920
1780
211000
419280
627640
835900
1043940
1253020
151060
359720
568980
777480
986380
1104800
3660
213260
421980
631260
840280
1049980
1259180
156880
365060
573940
783260
991560
1200220
98220
306420
514320
722940
934340
1143200
40640
248560
458340
667300
876094
1084460
1293240
191580
401300
609440
818580
1027300
1236050
133780
341660
549220
757878
967520
1176520
74400
283220
492600
701440
910140
1118940
16460
224860
432920
641220
849620
1084400
1293720
192520
402200
610780
819600
1028280
1236980
134880
344420
553260
762880
971460
1181300
79540
288840
497718
706740
914880
1123040
21100
229680
438200
646620
855540
1064280
1273440
171540
380280
588900
797520
1005700
1214366
112360
321620
529640
738520
947660
1156220
54140
262540
472060
680700
889500
1098060
1307580
205520
413960
622840
855298
1069760
1281360
179800
389045
597280
805860
1014440
1223260
121540
330680
538480
747220
956560
1165820
64500
273280
481380
689880
897980
1107260
5920
215560
424640
633880
843600
1051980
1260520
160640
368980
578520
786980
995440
1204460
102660
311060
519940
728920
938120
1147180
45020
255340
464040
672240
881600
1089820
1298580
196600
405100
520720
731240
941320
1150000
47560
256620
465640
673620
881760
1090420
1298420
196300
405940
614020
822720
1031580
1240680
138180
348180
555880
763740
972700
1180380
77960
286540
493760
701935
910180
1118540
16885
226060
436060
645509
854140
1062940
1271320
169940
379160
588200
797160
1006420
1215460
113140
321796
531280
742300
950840
1159800
56780
285680
496722
705540
914440
1123020
20740
229200
437840
646820
855080
1064320
1272360
169920
378260
587920
796860
1004895
1213420
110840
319240
528720
737000
945560
1152620
50840
259720
468720
678140
886820
1095760
1303640
202180
410680
619440
828660
1037420
1244900
142880
351980
560580
768880
977940
1186400
83980
293220
502140
710620
919202
1127400
24773
253540
463740
672280
880900
1090020
1298220
196200
404500
614200
823600
1033120
1241800
139920
348000
556760
765360
974880
1184260
82740
290800
499740
709400
918540
1127780
26100
235500
444620
653180
862600
1071100
1279840
177900
386280
595440
804580
1014320
1222820
120800
329880
539120
747480
957320
1166700
64920
274100
483280
692040
900520
1109640
1226140
125100
336660
545180
754020
962740
1172240
70060
278360
487760
695840
904520
1114300
12440
220920
430240
638780
847200
1055440
1264580
162720
371340
579920
787580
995320
1204620
103520
312700
521740
730640
939460
1147320
45600
253360
461820
670760
879220
1087600
1296140
194780
402780
610160
819220
1027954
1236980
135060
342800
551180
760678
969360
1205260
105900
314000
524030
732240
941198
1150200
48700
258020
466580
675240
883520
1093174
1301840
200220
407780
616420
824600
1032120
1241080
139000
347080
555780
764000
972700
1181200
78380
287340
496160
704720
913260
1121700
19220
228100
437520
646480
855700
1064260
1272380
171040
380100
589140
798880
1007320
1217180
115580
324540
533240
741700
974260
1184380
82840
291120
499680
708300
917260
1125720
22600
231420
439620
647880
856600
1065420
1273660
172060
381080
589640
797760
1007080
1217940
116480
325720
535440
743700
952000
1161420
59140
267220
476060
684400
892900
1102180
240
209541
418060
627360
836460
1044480
1252438
150720
359020
568720
778180
987980
1196920
94960
304900
513160
636900
847500
1055920
1264200
163120
372500
581900
790500
998900
1207080
104840
313360
522120
729720
937680
1146280
44780
253760
462969
672060
880820
1089880
1298040
196400
404680
613500
822140
1030920
1238740
135800
344380
553480
761920
970900
1180360
77360
285660
494660
703660
911680
1120540
18180
225820
434740
643860
851780
1059725
1268740
166080
394540
607420
816208
1024200
1232660
131100
339600
548444
757020
966460
1175840
73480
281500
490438
699460
907640
1115580
12740
221520
429940
639118
847280
1056820
1265240
163580
372220
581580
790020
999120
1207700
105060
315120
523876
732940
940880
1150020
823200
1039122
1252220
152540
364640
575020
784800
993860
1205540
104200
231200
442358
652320
863000
1073320
1282940
181380
390060
600200
809282
1018080
1226600
124640
335240
543700
752680
961480
1171120
68760
282080
492100
701180
909180
1118820
18200
227280
438620
647880
857260
1066680
1276540
174700
383320
592120
802240
1011220
1220520
119260
326400
535140
743660
952420
1160500
59960
268720
478760
687520
896680
1105960
24580
236760
446080
655260
866420
1074840
1283280
181580
391060
599420
808000
1017680
1226460
124420
333480
543920
752740
961140
1169860
68580
277880
486680
695200
904560
1114140
11680
219960
429855
641160
849720
1059160
1268200
166100
374340
583000
791680
1001220
1209580
108020
317020
526420
736360
947500
1155960
53820
263760
473520
682420
891680
1124060
24660
233682
442620
652500
861160
1070620
1279440
178320
390380
599880
809840
1018860
1227440
125720
334620
544780
753300
962615
1171600
69340
277920
485940
695380
903680
1112400
10340
220260
428920
638605
848400
1057240
1265800
162820
371400
579540
787380
995820
1204920
103120
311780
521860
731340
940180
1148820
46120
254400
465140
673540
882820
1118260
17220
226240
434560
643320
853280
1061660
1270260
167500
376680
584900
793300
1002060
1211380
109560
318758
527900
736860
946860
1157840
56020
264567
472860
681260
890440
1099480
1308820
206823
415620
624940
833440
1042400
1251400
149360
358280
566340
774900
983060
1191580
89580
298580
505960
714760
924080
1132140
32180
241080
449860
658920
868420
1078240
1287520
184440
392220
601640
811300
1020260
1228980
126262
335760
544520
753160
961500
1170420
68580
277740
486960
695640
905420
1113840
12320
220880
429400
639740
848400
1056680
1267000
165240
374060
583000
791100
999960
1209440
107140
316020
525040
733640
942280
1149980
48100
256500
464340
672380
881720
1090500
1299200
197620
407380
591200
804960
1015920
1225920
124660
333740
542440
753760
963280
1172642
72000
281480
490220
699780
907580
1117400
17180
225380
434940
643100
851860
1060600
1268700
167380
376600
585520
793900
1003320
1212440
109720
318900
527180
736620
946160
1154020
50882
259980
468440
677640
886140
1094760
1303920
202040
413300
622720
831620
1040620
1249260
146920
352258
563100
772440
980880
1190040
88800
297880
506220
715460
923800
1133020
30620
239080
448520
657120
865200
1073440
1282760
180860
389560
598260
806720
1014940
1224000
122240
330720
540140
748460
956840
1165940
64520
272920
481540
690440
899860
1110500
9060
217240
425640
634040
842720
1051100
1259180
157280
365800
573340
782260
990642
1199240
96880
328240
536860
746100
955440
1164360
62420
270580
478300
687820
896540
1106327
4620
212720
421320
630509
839020
1046360
1255120
152680
361640
570220
778820
987280
1195360
93020
301460
510360
719280
927340
1136040
34480
245200
453480
661440
869940
1078180
1286440
184240
393760
603620
813180
1022380
1230900
128600
337340
545900
753840
962100
1170469
1266920
166040
374820
583380
791777
1000680
1209000
105880
313840
521860
730420
938880
1146540
43360
252500
460380
668720
876960
1085860
1294460
191760
400120
608340
816600
1025260
1233260
130440
339760
548220
757020
965840
1174800
72440
283200
491540
700360
909660
1118980
16180
224060
432940
641760
850000
1059320
1268180
166740
375440
584100
793460
1002604
1237840
137000
345760
555060
764760
974600
1184060
81940
290660
500000
709620
918460
1127180
24480
232540
440860
648840
856820
1065160
1274200
171600
380240
588660
797460
1005620
1214140
111560
319820
528640
736900
945500
1154860
53540
262500
471400
679420
888440
1097380
1305980
203000
412100
622780
831480
1039880
1248220
146520
355040
563460
771700
878080
1089320
1299220
197080
406540
615760
824700
1034300
1242580
140540
349440
558360
766660
975660
1184120
82180
290220
498600
706460
915360
1125020
22880
231080
438980
647740
857060
1065140
1273940
171680
380860
590420
799500
1009362
1218520
116460
326220
534900
743700
952580
1160720
58020
266060
473860
681608
889520
1097880
1306540
205320
414520
642620
853440
1062060
1270840
168500
377640
586172
794920
1006080
1215080
112420
320780
529940
737340
945160
1153400
50180
257260
464980
672560
880320
1088200
1296360
193805
402780
611420
819820
1028560
1237820
134660
342440
549420
757940
966000
1173540
71080
279540
488240
696740
904980
1113200
10880
219080
427860
637380
844860
1052400
1261420
159000
367160
475200
685520
894260
1103500
1700
210240
419420
627560
835520
1043920
1251840
149360
357640
565560
775320
984300
1193340
90940
299280
508280
717380
925300
1132240
30438
238440
446600
655660
864060
1072640
1281640
179600
388200
599320
808080
1016600
1225440
122600
330560
538640
747340
956720
1165400
63620
272860
481200
688820
896760
1104760
1900
209880
440740
649580
858160
1067280
1275680
173120
381340
589220
797440
1006880
1215340
112980
322280
530600
739020
947160
1156460
53700
262360
470980
679620
888420
1096860
1305500
204140
412540
621360
830400
1038280
1247960
145980
353800
562620
770880
978440
1186340
83580
291760
499580
708440
916800
1124960
23687
231220
438700
647280
855840
1064060
1272040
84040
294140
503200
711920
920120
1129500
27780
235900
444240
652240
860700
1068960
1278400
176340
385280
595740
804720
1012740
1221460
119680
328720
537020
745220
954260
1162860
60840
269640
477860
686040
894700
1102975
1060
210340
418660
626920
834740
1042420
1250760
148740
357240
564840
773080
981800
1190500
87760
296660
504960
712760
920780
1129140
48940
258100
466500
675860
884780
1093820
1301820
200000
408880
617580
826440
1035660
1245060
143660
351420
560560
768300
976920
1185180
83440
291300
499880
708080
916000
1123840
21400
229780
438700
646960
854660
1062460
1271260
169760
378480
587140
795800
1004060
1213460
111540
320220
528680
737080
946060
1153840
51860
260340
468420
676460
885122
992800
1202180
100720
309280
517520
726640
934660
1142620
40040
250880
460198
670260
880280
1088500
1297300
194500
402560
610340
818220
1026180
1234220
133200
342180
550080
758680
967600
1176500
74200
282920
491880
700300
908300
1116680
14800
224120
432300
641623
850540
1059230
1268360
166200
374200
582800
791620
999600
1207280
105920
315120
523520
732140
962780
1172640
71180
278620
487880
696320
905100
1113400
11160
219040
427655
635940
844920
1055420
1263960
161760
370200
579100
787440
995840
1204678
102460
311220
519460
728960
938060
1146620
44800
252898
461440
669440
876860
1085480
1293400
190740
399620
607740
815980
1024320
1233420
131640
340260
547820
756860
965900
1175600
72840
282120
490780
606860
817360
1026580
1236400
134780
342960
551140
759420
968200
1176740
74400
282560
490700
698840
906940
1117700
14860
222420
430360
638160
847020
1054940
1263400
160400
368400
576720
784960
993080
1201560
98460
306040
514320
723280
931380
1139280
36780
244520
453520
661720
870400
1079100
1288680
185780
395000
603620
812600
1020580
1229620
127202
335540
566400
775320
983620
1192400
90060
298440
506440
715202
924640
1133960
32820
241480
449920
658300
867180
1076860
1285640
183440
391340
599800
808300
1017520
1226580
124940
333600
542400
751640
960020
1168120
66620
275940
484100
693220
901492
1109860
7420
216120
424220
632780
841660
1049640
1258564
156880
365440
573080
781080
988540
1196980
95160
201820
411580
620380
829000
1037520
1246780
144620
353180
561720
770740
979040
1187120
84840
292180
500740
708580
916780
1125920
24453
232700
440820
650080
858740
1067200
1275500
173260
381960
590560
798920
1007980
1216500
114620
323420
535040
744160
953120
1161800
59898
268180
477300
686600
895040
1103640
1640
209640
417340
625682
834140
1042800
1251380
173420
384074
593700
802758
1011320
1219180
117132
326040
534680
743940
952860
1162360
60300
269240
477820
685960
894720
1103880
2740
212060
420500
628560
837620
1045940
1254440
152180
360540
569620
777740
986260
1193360
91300
299840
508100
716360
925700
1135100
33280
240960
449640
658082
866900
1075580
1284280
181960
390580
598720
806620
1016620
1122260
22060
231480
439240
647620
855440
1063360
1272220
169540
378220
586560
794820
1003000
1211520
109740
318540
527180
736100
944920
1154560
52180
260880
470040
679180
887600
1096860
1305960
203920
413120
621440
829480
1038860
1246980
144100
352560
560367
768640
977660
1187220
85100
293400
502340
710180
919220
1127420
25560
234540
443280
142400
357684
571180
781880
994100
1203940
102920
311840
523078
731460
940720
1149780
48120
258804
468260
675940
884700
1093860
1305500
203720
413340
622360
830980
1041440
1250986
150320
359700
567860
776640
990360
1199420
97460
307100
515960
724900
934000
1145460
43860
253660
463220
672940
881860
1089500
1298780
198160
407320
616200
715800
925520
1134140
31600
241240
450220
659860
868560
1077420
1286200
184660
393680
603620
812420
1020720
1229920
130600
340640
549940
758060
966820
1175280
72800
281820
489940
699260
907340
1118020
15820
223960
433960
641900
850100
1058900
1267400
166100
374402
583400
791960
1000880
1211700
109700
319260
528800
738340
947200
1156300
53840
261820
491807
702380
911500
1120140
17860
229240
438600
649300
858320
1066620
1275460
174162
383960
592860
801540
1010300
1220120
118380
327080
535980
744720
955900
1165180
62760
270880
478620
687820
896920
1106000
4560
213260
421460
629000
837000
1046120
1254300
152300
360320
568560
779240
987400
1196220
94340
303020
512380
722060
931120
1140080
38060
246960
484240
693460
903340
1111520
9400
218320
427720
636600
846920
1057960
1266420
165020
372740
582360
792000
1000440
1209460
107980
316060
524800
733600
942380
1150500
48980
257060
465220
673140
881500
1089940
1298000
196280
406360
614860
823200
1031940
1240860
139320
348380
556162
764160
971760
1180960
79700
287900
497120
705800
915100
1124180
22140
137820
348100
556780
765780
974660
1183780
81440
289440
501000
709820
918900
1127840
25240
234500
442700
650740
859420
1067820
1276140
175100
383640
593160
801500
1010300
1219400
117540
326220
534740
744120
952960
1162680
60040
268300
478100
686380
895060
1105820
5800
215620
424660
633800
842260
1050380
1258685
156940
365520
574100
783200
991620
1219820
119500
328200
537300
746634
955340
1163920
62680
271480
479920
689020
896820
1105640
3700
213740
422380
631740
840120
1049440
1259640
158100
367120
576160
784680
994200
1202580
100040
309580
518160
727380
936140
1144640
42360
251560
460060
669100
877740
1086180
1294640
193780
402680
611900
819800
1027360
1236560
135160
343240
552320
760500
968960
1199720
97980
306260
514260
723620
934900
1144900
42760
250900
460680
669160
877540
1085680
1293740
191380
399820
609000
816840
1025220
1233660
131300
340980
549120
757500
966540
1175540
73860
282540
491900
700760
909400
1117020
14640
223400
431480
639740
848320
1057180
1265900
163840
372160
581580
790500
998700
1206380
103940
315680
524060
732500
839460
1048760
1258100
156640
366129
575280
784260
992300
1201100
99060
307460
516380
725260
934360
1142420
40320
248880
457640
666560
875460
1084620
1293480
191340
401280
610560
819140
1029120
1237878
136700
345460
554802
764000
972700
1181600
79080
286860
495480
703480
911760
1118960
16180
224720
432300
642400
851220
1059380
1268140
165880
374778
583920
860240
1071140
1280520
179080
388260
597160
806660
1016360
1225620
124280
333760
543600
752140
960260
1169200
66500
275893
483960
693280
902260
1110520
8360
217160
425440
633778
842460
1050280
1259400
157420
366360
574660
783800
992920
1202060
99600
307940
516260
724960
933820
1142060
39700
248360
457042
665404
875360
1083140
1292200
189700
421500
632040
840840
1049340
1257880
156780
365520
574240
782760
991760
1200740
98700
307680
516020
724980
933420
1141920
40760
249500
457900
666000
875020
1083680
1291760
189380
397280
605800
814440
1022020
1231000
128320
336840
545080
753640
962400
1170680
68180
276760
485660
694082
903100
1111660
10340
218880
427200
635380
844060
1053180
1262240
160360
394960
605140
815000
1023640
1234900
133220
341940
551040
759180
968300
1176100
74700
284180
492280
700920
909560
1118020
15840
224020
432780
641960
849980
1058080
1266700
165180
374220
583060
791980
1000900
1208820
106220
315100
522920
731380
939460
1149080
47180
255960
465415
674380
883220
1091540
1300240
198920
406920
615640
823920
1032420
1240700
55860
265740
475320
684260
892860
1101260
1309820
207820
416140
625040
834520
1042760
1251160
148820
358200
568020
776500
984720
1192900
90520
301180
510580
720360
928460
1137140
34600
243260
451400
659800
868000
1076020
1284480
181500
390686
599580
808160
1016840
1225120
123020
331480
540180
748980
957540
1166180
64320
272320
480220
688440
897420
1125160
27320
236340
444700
652420
861440
1070240
1279220
178520
387420
596920
805780
1015140
1223760
121980
330600
539200
747920
957800
1166340
65340
273580
481900
690120
898380
1107440
5780
214560
422420
630620
838820
1046400
1254780
152260
360280
568840
777040
984660
1192680
89420
297640
505440
713900
922000
1130760
31000
238480
446820
655780
864580
961520
1170820
68820
277840
486080
694540
903060
1112360
9720
218580
426480
634960
843680
1052160
1260560
159260
368060
575724
783420
992040
1201400
99780
307520
515560
724160
932880
1140580
38480
247000
455320
663220
872565
1081460
1289940
187320
396300
605380
813280
1021620
1230000
128640
337100
545580
753920
962720
1171360
70460
279420
488038
696918
927580
1137220
35640
245500
454720
662600
872020
1081320
1290380
189700
399100
607360
816400
1025220
1234420
132100
341000
548960
756420
965080
1173120
70360
278340
485920
693740
902020
1110420
10340
219380
429100
638200
846380
1055440
1264300
161980
371100
579600
788920
997500
1206840
104642
313000
522560
731340
940640
1149420
47860
256280
464720
580380
791040
1000820
1209000
107260
316040
524882
733260
941780
1151440
49720
257820
467020
675460
884120
1092440
1301560
199660
407700
615420
824380
1032840
1241420
139320
348640
557960
766860
975020
1184420
82438
292000
501420
709220
918440
1126420
24575
233620
442280
651880
860580
1068780
1277840
175400
383920
592680
801560
1009810
1218764
116440
345820
556520
766380
974940
1182440
80220
288220
496740
705460
914640
1122900
21020
229200
436700
646180
854260
1062000
1270020
167522
376100
584580
791820
1002220
1211400
108860
317300
525880
734100
943500
1151240
48460
257520
466340
674360
883400
1092340
1301320
198900
407700
616520
825700
1033940
1243220
141920
350300
559060
767480
976360
1184100
82380
311340
521340
729980
938860
1147100
45820
254780
463100
671860
881160
1090440
1299480
197820
407042
615640
824600
1034300
1243880
142060
350180
558920
767520
976580
1185360
83120
291620
500540
709060
917400
1126920
25300
234600
443440
652280
860180
1069400
1277540
176040
384800
593560
802020
1009760
1219248
117280
326240
534160
742740
950900
1159160
1284400
184120
394002
603040
811160
1019980
1229200
126760
335840
544700
754360
963900
1173500
72140
280260
489400
697960
906800
1115620
13280
221564
429540
637540
846060
1054680
1263060
160940
369260
580420
789100
998420
1206580
104720
313560
523220
731640
940340
1149000
47200
255400
464460
673260
882340
1090980
1300140
199055
406760
615380
824162
1055260
1268869
168380
377480
586580
796760
1005620
1214540
112760
322300
530960
739320
948400
1157480
56020
264480
473160
682340
891560
1100920
1310500
208520
417020
626080
835341
1044220
1253440
151340
359980
568140
776900
986380
1195700
94420
302960
511920
721960
931700
1140380
40240
248340
457560
666600
875980
1085040
1293880
191860
399580
608220
817140
1049920
1260580
158900
367560
576140
785280
993720
1202120
101260
310660
519280
728140
937500
1146380
45100
253340
462340
671300
880380
1089620
1298580
197380
405980
614880
823140
1031400
1240140
137580
346340
554980
763920
973380
1181800
80080
289440
498880
708840
916940
1126080
24520
233560
442760
651720
860560
1068380
1276680
176980
386642
595160
700860
911700
1121040
20420
230620
439400
647760
856260
1066100
1275000
173720
382240
590640
800420
1009460
1217920
115940
324260
533080
741920
950240
1158360
57780
266050
474820
683340
892640
1100980
1309820
208460
416918
624800
833560
1042158
1251020
148040
356380
564800
774080
982820
1191900
89620
298180
507360
716120
924240
1133080
32620
240780
470360
680400
888960
1098200
1308180
205760
414260
623060
832120
1040260
1249200
147200
355340
563740
771538
979460
1188300
85360
292560
500940
709340
917640
1126180
24820
234240
442680
651800
860540
1068960
1278120
175280
383660
593340
802100
1011200
1220640
118800
327680
536560
745380
955080
1164420
63580
272640
481760
691000
899720
1109100
6680
215700
447040
657040
866160
1075240
1283840
181620
390160
599460
809160
1017760
1226360
124940
333160
29840
245740
459200
669320
880280
1089720
1298380
196720
408420
617640
826240
1035220
1244920
145620
354000
562600
771280
980700
1191040
89400
299400
508020
717780
929260
1137900
36320
246760
456200
665260
878780
1087660
1297000
98260
308520
517560
727300
937460
1146900
44800
253640
463800
673280
883440
1092700
1304280
203460
413000
622760
831860
1041740
1251300
150000
358500
569880
777940
986420
1195120
93320
301760
510060
719120
928240
1135460
34940
243820
452860
660940
869420
1077680
1287100
185300
394520
603160
812400
1023200
1232840
132240
341320
550580
758836
967360
1199360
99600
309040
518140
727740
936640
1147800
45080
252960
462320
672160
880760
1090940
1300300
199020
408660
617360
826420
1034640
1243320
143380
352280
561440
770840
980640
1190000
88860
298240
506980
716180
925500
1135020
32960
242560
452000
660940
872500
1081960
1290920
189980
398700
607280
817200
1026420
1235560
134260
343520
552900
761780
996140
1207280
105685
314920
524160
735060
944482
1153840
51560
260500
469220
677560
886260
1095500
1304640
203580
413340
622180
830300
1038880
1247700
146680
355900
565440
774500
986040
1196060
95540
305300
515340
724640
933620
1142860
41740
251100
459677
668820
877740
1087300
1295560
193642
401940
610300
818680
1026900
1234940
131940
341940
551080
781680
994440
1205060
103000
311080
520720
730220
939620
1148560
46580
255060
462140
671160
880540
1089820
1299960
198100
406460
614500
823800
1032600
1242000
139900
348960
560360
769000
976620
1185060
84400
293520
502060
710640
918980
1127860
26020
234980
443500
652200
860660
1069640
1278160
176480
385280
594020
801880
1009920
1218640
115914
324240
533900
766480
976800
1187920
86880
295475
504760
713840
923120
1131640
29760
238860
447920
656760
865980
1074960
1283540
182573
391240
599640
809440
1019880
1228900
127140
335860
544515
753260
961440
1170300
68700
277740
487040
695140
903520
1112560
12880
221836
429960
639340
848280
1057280
1266520
163180
373260
582000
789620
998760
1207720
105780
313940
430120
640720
850840
1059680
1268720
166320
374840
584140
793300
1001640
1210000
108480
317420
525940
734320
943220
1152141
50420
258420
466260
674560
885000
1092780
1302020
200440
409580
618420
827980
1036540
1244600
141800
350060
558180
767160
976520
1185500
83620
292240
500560
708760
916600
1124960
22580
231220
439580
648860
857060
1065580
1274000
195100
406400
615220
824300
1033160
1242600
140340
348680
556820
766300
975220
1183640
82360
292980
502360
711540
919540
1128340
26200
235660
445420
654760
863460
1072240
1281820
180040
388420
597320
806240
1015340
1223840
121500
330840
539520
747100
955740
1163860
60980
269220
477220
686480
894980
1104460
2580
210920
418600
627260
835760
1044100
1252920
171700
381260
589500
797860
1006320
1214240
112260
320420
529380
739960
948140
1156820
55520
265160
473780
682020
891500
1100200
1308520
206240
415340
624240
832860
1042020
1251020
149060
357220
565580
773760
982520
1191160
89260
297200
505920
714760
922880
1132020
30440
239620
447900
656620
865260
1073940
1281860
180240
388460
597260
806980
1016160
1138080
38080
246800
456920
665240
874500
1082960
1291140
189260
398160
606594
817380
1026120
1234620
133160
341660
549740
758380
966100
1173980
72160
279804
488400
696736
905520
1114500
12400
221000
429600
637560
846000
1054640
1263840
161560
369160
577740
786100
994660
1202560
100420
310040
518880
727620
936900
1145160
43060
252320
460860
669400
877840
1114000
13360
222240
430500
639420
849280
1057960
1267560
165160
373700
582360
790100
997700
1206880
104180
313280
522000
731920
940562
1151740
49460
258520
466700
675140
884020
1093440
1302460
201440
410680
618940
828260
1038300
1247940
146340
354960
564200
772200
980620
1189480
87680
296720
505840
714220
922780
1131460
30060
239020
447640
656600
929500
1141040
39420
248600
456880
666320
874720
1082820
1291740
190212
399980
608260
816800
1025180
1233480
131740
340340
549540
758640
967320
1176340
74340
283120
491060
699728
907900
1116340
14260
222860
430700
639440
848020
1056660
1264980
163300
374080
582320
790720
999240
1207340
104900
313160
520860
730280
938800
1147000
45076
254500
463060
695580
905420
1114400
12460
221880
430120
639640
848580
1057260
1266460
164400
373160
581733
790280
998640
1206380
103760
312020
521720
730040
938300
1146800
44420
253320
461540
669200
876760
1084980
1293820
191574
400620
609240
818100
1027380
1236120
133700
341842
550260
759220
967920
1176640
74580
283120
491060
699940
908600
1116040
13660
222660
356640
566820
776200
984380
1192620
90820
299380
508120
716620
925160
1133700
33840
241840
449940
658860
867060
1076520
1284860
182080
391040
600820
810140
1018880
1227420
125780
334340
542800
751420
959958
1167960
65520
274180
482220
689920
898620
1106780
4100
212400
421460
630420
839320
1048480
1256960
155140
363900
572780
781100
989780
1198880
117220
329520
538580
747200
956340
1165220
63580
271420
480200
688162
897100
1106080
4480
212360
421260
630220
838640
1047700
1256620
154460
363320
572880
781860
991100
1200460
99500
308940
517760
726820
934980
1143940
41820
251040
460310
668598
877540
1086860
1295360
193140
402642
610840
819360
1028800
1238180
138020
347440
554940
763300
972060
1180951
100640
311120
520380
728600
937560
1146340
44680
253580
462580
672180
880940
1090080
1300040
197700
406560
614580
823440
1031740
1240460
139100
347580
556280
765040
974080
1182900
81080
289640
498740
707700
916240
1124900
23360
230880
439000
647060
856440
1064740
1272980
171300
379900
588260
796598
1005460
1215080
113640
322360
530860
739980
949140
1067780
1278460
176380
385440
593980
803860
1013600
1222500
120460
329540
539300
747320
955780
1163860
60880
269980
479000
687560
896600
1105600
3980
212820
420900
629040
837460
1045740
1254260
151640
360160
569240
776480
985580
1193740
90260
299120
507020
715340
924620
1136720
34880
242520
450720
659560
868240
1076960
1285640
183780
392140
600720
808860
1045760
1255840
154260
362805
571140
780162
987920
1196420
94260
302420
510980
719880
927240
1135880
33520
242000
450620
658960
867380
1075580
1283980
181720
390380
598140
806860
1016020
1224620
122080
329820
537940
746998
956060
1165820
63620
272080
481120
690160
899160
1107100
4800
212940
421120
629260
837420
1046900
1256360
155040
364560
573060
679783
890860
1100460
1310000
208460
417460
626780
835580
1044240
1252340
150680
358880
567420
775960
984860
1193060
90360
298360
506700
715480
924300
1132400
29580
238780
448000
656880
866100
1074140
1282586
179920
388320
597520
806240
1013920
1222620
120580
328920
537300
746040
954160
1162720
60420
268100
476255
686540
895660
1104380
2580
211320
419660
651440
860900
1069460
1278320
176660
385100
593640
802700
1011200
1219060
117200
327260
535940
745340
952980
1161260
59400
268280
477720
686152
895400
1103400
1120
209880
418220
626560
835320
1044220
1252740
150720
359960
569100
778540
987500
1196200
94120
302620
511760
720280
928242
1136600
35080
243700
452640
661160
870180
1078860
1286840
184980
271560
481240
691240
899500
1107620
5000
213270
420760
630240
838780
1047460
1256460
154040
362980
571240
779880
988220
1197420
95340
303940
512760
721440
929720
1138600
36140
244882
453320
661620
870160
1078820
1288320
185420
393480
602020
811200
1020820
1228080
125540
334280
542140
752620
961700
1170340
68240
276220
484040
692240
900220
1108240
6860
240240
449860
659160
868800
1077320
1285560
182560
391240
600180
810040
1018240
1226560
126400
335720
544320
751920
960580
1168700
67180
275238
483040
691200
899860
1108300
5720
214360
423160
630780
839240
1048560
1257520
156160
365220
573620
781900
990060
1199200
96200
303860
512120
720220
928900
1138420
35960
243600
451420
660480
868660
1076940
1203020
103200
311180
519680
728720
936920
1146000
43600
252340
461560
670420
879120
1087600
1296100
193660
403740
612920
821901
1030020
1239120
137420
346700
555000
764340
972518
1180700
78300
286520
495020
704160
912620
1121640
20920
229820
438760
647580
857280
1066580
1275360
173800
383260
591720
799902
1008500
1217060
114780
323960
533300
741920
969120
1181600
79260
287660
497180
706020
914680
1123460
20540
230300
438340
647140
856220
1064940
1273580
171760
379640
588980
797520
1007000
1215530
114280
323800
532560
742000
951500
1160220
58672
266780
1250680
157540
370240
582300
792320
1003280
1213100
111340
321240
533000
742740
951440
1160340
59920
270020
478720
688060
800920
1012020
1220940
119400
327580
536440
744880
955520
1164600
63000
271280
480580
689420
903780
1113040
11120
220000
428380
636480
844560
1056000
1265400
163680
372460
581820
790760
1000060
1209040
109160
318620
528180
736960
946000
1155442
53260
261340
470960
683080
891600
1100900
1309940
208140
416380
625053
833280
1041880
1250480
151320
360840
588700
799500
1008580
1217400
115740
324740
534160
744020
952200
1163240
61200
269980
479100
687020
896380
1104420
2400
211660
420260
629240
838480
1050540
1260480
159700
369680
578780
787680
996240
1205200
104020
312520
520620
729800
938820
1147560
47480
258000
466420
675500
885687
1094480
1303640
202500
410740
619560
828220
1037960
1246860
145340
377900
591120
801860
1011380
1220180
118580
327600
537040
745640
954420
1162840
60260
268757
478480
687540
896700
1106560
4820
213920
423560
634880
843922
1052900
1261640
160380
369960
578920
788000
997160
1207300
105560
314980
524520
734580
944460
1153860
52480
261720
472160
681800
892980
1101720
1310320
208940
417860
626600
835020
1043780
1252680
150060
385692
595680
804700
1013480
1222780
120800
329660
537620
746980
955840
1164580
63040
271880
483180
692600
901362
1110180
8260
217040
425260
634420
843360
1051740
1260400
158300
367080
575720
784000
993040
1201740
101900
311060
519800
729240
937580
1146320
44060
252180
462720
671740
879840
1088580
1297780
196440
404560
613520
821880
1030740
1239580
162380
372920
581520
790480
999300
1207400
105560
315780
524880
733120
941260
1149800
47880
256960
466560
675592
883760
1092360
1303520
201400
410680
619060
827220
1036100
1244800
142640
350720
559120
767300
975480
1184040
81420
290440
499820
708590
917280
1126855
24740
234300
442780
651220
860040
1068740
1277580
175720
384520
593960
802720
1010700
1133560
36160
246160
455220
663960
872720
1081540
1289980
188640
397920
607120
816740
1025540
1234800
133300
341880
551780
760120
968860
1177360
76160
285460
494000
704160
912980
1121380
19400
228780
436860
645560
853620
1062620
1271020
168140
377080
585560
794980
1005860
1214629
112820
321900
530880
739380
948540
1158090
56240
265084
474040
682720
912620
1123020
22600
232561
441080
650340
859920
1069620
1279220
176420
385220
593980
803180
1012260
1219920
118380
327400
536200
745800
954660
1163600
61620
269960
478540
687260
896860
1104520
2700
213560
423220
632720
841660
1050560
1259760
157760
367240
576380
785680
994240
1203280
101140
310400
519040
727420
936960
1145780
44540
252060
460660
669380
902500
1111920
9580
217780
426882
636360
845100
1053940
1261860
159240
367580
576340
785340
994740
1203440
101660
310840
519180
728120
936920
1145820
43380
251640
460700
671285
880162
1088980
1297840
195360
403240
611380
819760
1028780
1238720
136680
344900
553500
762560
970880
1180160
78120
285980
495060
704020
912940
1121620
18940
227060
435380
533780
743660
952580
1160900
57940
267480
476040
684280
892880
1101560
1310420
208700
417860
627240
836280
1046080
1255000
153840
363220
572120
781120
989560
1198960
97140
306120
514720
723520
934800
1143760
41980
251360
460180
668340
876400
1085100
1293380
191900
400760
609100
817780
1026660
1234320
131820
341180
550100
758527
967160
1176800
74880
306180
518460
727380
936280
1144500
42100
250960
460400
668420
876940
1085500
1294080
192120
401500
610460
819940
1027740
1235720
133140
341480
550480
759200
967460
1175540
74160
283080
491680
700940
909500
1118740
17100
225700
433520
642920
852280
1060320
1271180
169900
378080
586940
795340
1003920
1213420
112120
320660
528540
737200
946260
1155320
52920
284420
494780
704140
912880
1122240
19760
227780
436380
644960
853540
1062320
1270920
168738
376320
584640
792940
1001960
1210000
108020
316120
524140
731740
940080
1148260
46760
255500
463240
672520
881940
1090380
1298680
196559
405480
613800
822380
1030740
1240020
138100
345600
553920
762280
971580
1179340
77200
285780
494700
703300
912180
1121120
1258880
158400
369720
579380
787500
996320
1204340
101720
310080
517700
726320
935320
1143360
41820
249940
458180
667000
875200
1083560
1291900
189340
398196
607100
814980
1022760
1231280
129320
337780
545960
753760
962440
1170660
68800
276920
485480
693960
903320
1111440
9520
218420
427360
635960
844720
1053440
1262240
159900
367740
576420
784560
992600
1224980
123360
332082
540420
749200
957340
1165400
63920
272280
480800
689520
899160
1107840
6400
214900
423140
631940
840680
1048760
1257000
155560
363789
572880
782080
990860
1200880
100060
307840
516800
725980
934420
1143380
42040
250480
458780
666580
874320
1083600
1292760
191960
400500
610080
819080
1028180
1236600
134650
343280
552640
761060
887160
1100740
720
210440
419520
628540
837760
1046100
1255620
153980
361940
570700
779180
987620
1195840
93840
302980
512040
720780
929640
1138200
35780
243980
452500
660240
869280
1077140
1286860
184560
394040
602960
811840
1019940
1229180
127220
335300
543160
751200
959200
1168140
66160
274322
483100
691360
899620
1108120
5620
213080
422562
652100
863400
1073060
1282309
179860
388860
597800
807220
1014860
1224000
124120
333300
542360
750540
959556
1167520
64700
273940
483000
691960
900560
1109240
6940
215140
424220
633160
841420
1051180
1260100
157940
365900
574800
783740
993060
1201800
99620
308160
516840
725260
934200
1141880
40040
247920
456940
665500
872740
1081040
1290560
188680
396940
631200
839860
1048660
1256760
154560
362938
572120
780140
989520
1197400
95680
304720
513540
721720
931160
1140140
38840
248402
458100
666860
875560
1084580
1292680
190200
398360
606820
815476
1023560
1231800
129700
338760
547000
754960
963680
1171900
70760
279240
487860
695000
903400
1111544
8980
216700
425000
634140
843320
1052580
1261460
158300
274720
485360
693660
903240
1114440
13300
221360
430200
638680
846960
1055840
1264220
162480
370680
579200
787920
996780
1205000
103160
312400
521354
729440
937580
1146140
44500
254520
464220
674300
882140
1089740
1298580
196080
405520
614660
823900
1032300
1240800
137702
347680
557220
766180
975280
1183280
81200
289680
499100
707740
916720
1125380
45100
255320
464560
673540
882340
1091300
1300220
198220
406800
615100
823580
1032200
1241220
139200
348140
556260
764400
972680
1181180
79400
288500
497400
706280
915460
1124480
21940
231320
440340
649140
857500
1065820
1274180
171400
379520
588360
797260
1006420
1215260
113140
322140
531180
740160
948600
1156920
55220
263580
472620
681000
889020
1097620
18500
228940
438020
646180
855440
1063360
1271920
169000
377440
587620
796720
1005100
1214060
111760
320380
528580
737120
945398
1154080
51700
260580
469780
679040
888020
1097340
1306000
204640
413540
622220
830600
1038520
1246680
144480
353380
561620
769600
978400
1186580
85040
293140
502040
711238
919740
1128540
26620
235220
444260
653560
862340
979360
1189696
87780
296380
504940
714840
923680
1131660
30140
238640
447500
656500
865660
1074520
1283340
181380
389800
598200
807800
1017020
1225760
124020
332980
541540
750120
959260
1167380
65000
273740
482080
690400
899000
1107040
5440
214800
423620
632100
840500
1049200
1257500
155380
363920
571900
780960
990100
1198640
96920
305920
513860
722620
957380
1166620
64020
272880
481060
689060
897100
1105420
3100
211400
420300
628240
837080
1045020
1253740
151480
359920
568300
776980
984600
1193940
91520
300280
508054
716260
925260
1134100
31680
241840
450080
659480
867620
1077880
1286440
184320
393460
601420
809820
1018680
1227380
124540
333180
541940
750980
959300
1168280
66280
274440
483180
599280
809600
1019160
1227460
125660
333920
543220
752525
961240
1168760
67860
277180
486380
695540
904140
1113020
10700
219230
428420
637284
845580
1053600
1263120
160220
368520
577220
785500
994120
1201780
99660
307960
517420
725520
933320
1141620
38780
247000
455720
663700
871680
1080920
1289840
188060
397140
606060
814084
1023080
1230750
128300
354920
566380
775740
984480
1192920
91900
300680
509386
718560
926460
1134120
32100
241000
448840
657640
865840
1074560
1283100
181320
390400
599880
808560
1017020
1225320
122360
331820
539320
747540
956220
1165120
62680
271180
479620
688100
894900
1103160
980
209760
418340
626980
834840
1043980
1251360
149320
358060
33920
193240
407060
617440
827540
1037140
1246460
145100
356480
565360
773740
982540
1191420
92420
302120
511160
720220
928480
1139360
37380
246240
455920
664580
874740
1084100
1292400
191140
399700
609980
823360
1032900
1242540
140260
349240
557160
765420
976540
1186400
84960
293360
501540
711280
919860
1128420
28180
236960
446700
654740
863181
1071280
1299160
200040
409135
620280
829900
1039560
1247880
145840
353980
562320
770600
979640
1188900
89120
296880
505580
714240
923880
1132660
30160
238180
446200
654820
863260
1072764
1281060
179300
388520
598320
806820
1016438
1225380
124160
333000
542280
750480
959480
1169682
67540
276020
485000
693820
902300
1112120
10040
219560
429100
637160
846880
1078520
1290620
191840
401160
610320
818140
1027840
1237540
134980
343800
552240
760540
968360
1176460
74640
283280
491580
700560
912160
1121280
18960
227740
435940
644240
851440
1059520
1267560
165060
373320
581320
789520
999160
1208380
107620
316000
525500
736960
946680
1155480
53760
261460
470260
678660
887300
1095320
1304060
202060
410660
619170
828020
1061280
1270400
169100
378240
586940
795320
1007200
1217280
115940
324600
533720
742460
951040
1159960
57780
265620
474580
683140
891560
1100700
1309160
207416
416320
624560
833240
1043060
1252560
150740
360620
568483
776700
985680
1194060
91660
300100
509080
717620
925860
1133840
31880
240920
449620
658800
867320
1075800
1285220
183120
392780
601238
721400
932380
1141900
39100
247740
458820
667480
876660
1085580
1295520
193480
403020
612320
821000
1030940
1239400
138280
347900
556640
765140
974840
1183980
81540
290220
499620
707180
915200
1123860
21660
230060
438900
647340
855840
1066280
1275340
174120
383940
593560
802320
1010470
1218960
116820
325920
534860
743260
952040
1160480
58580
266800
497120
707000
916160
1125360
22720
232100
440960
650400
859540
1068620
1277040
175540
384220
593080
802000
1010420
1221780
120700
329120
537240
745440
953240
1161300
59480
268660
477140
685800
894640
1103520
1120
210440
420080
628620
837420
1046500
1256200
153740
362360
570860
779300
987960
1196400
94300
301960
511160
719600
929020
1137260
35320
244200
477660
687860
899140
1108455
7240
215740
425100
634360
843320
1051000
1259540
158300
367260
576140
784460
993120
1202500
101120
308800
517200
725180
934160
1143300
41360
251020
459980
669640
879020
1088640
1297180
195240
404060
612440
822140
1032360
1241560
139280
347520
555740
764520
974440
1183720
81180
292440
501300
710440
918880
1128200
26980
237160
447060
656700
865860
1074640
1283700
180360
388540
595860
804700
1012020
1219840
117100
325600
533780
742320
949680
1158100
55653
264040
473015
681980
890080
1098440
1307018
205180
414220
623160
832600
1041040
1249720
147740
356300
564740
773880
983000
1191180
89538
298060
506240
716940
925400
1134400
32740
241800
450200
658960
867200
1075560
1240320
140380
349950
558600
766800
975740
1183522
80920
289360
498140
706740
915960
1124660
22960
231860
439780
647540
856280
1064120
1271700
168800
378420
587240
795500
1003580
1212860
110660
319880
527960
736600
945760
1153160
51060
259160
467460
675340
883100
1090800
1298960
196080
404200
611800
822420
1031580
1241740
139480
348020
556220
764720
973500
1205930
104180
312480
521480
730840
939280
1148020
46320
255100
463960
672020
880600
1089140
1298080
196740
403780
612320
820460
1028900
1237640
136140
345400
554280
762740
971300
1180440
78460
287480
496060
704620
913160
1122000
18600
227540
436400
645960
853940
1062040
1270880
168760
377300
585760
794660
1003860
1212660
109960
319180
527640
737360
844240
1056720
1265460
164140
373140
582500
791740
1000220
1208940
106780
314820
523060
731040
939140
1147720
46200
254200
462760
671180
879880
1088900
1297100
195060
403500
611400
820300
1029080
1238440
136480
345480
554420
762440
971740
1179920
77100
286020
495100
705020
915080
1124162
22120
230280
439600
648580
856300
1064480
1272840
170300
379180
608540
819740
1028540
1237580
135340
344300
553300
762240
970280
1178580
76160
283820
493100
701700
911500
1120140
18940
229980
438660
647360
855460
1064180
1272200
170080
378940
587440
795940
1003920
1212860
110440
319380
527840
736560
945180
1154320
52740
261100
469740
679060
886980
1095220
1304360
202920
412680
622400
831000
1040500
1249120
147480
356680
589640
799340
1008560
1218200
116060
325660
535120
744620
953120
1162080
60420
269200
478080
687120
896520
1104960
3540
212700
422120
631240
839440
1049260
1258060
156440
364160
572400
781120
989760
1199460
97640
306260
515260
723820
932060
1140820
38820
247501
457060
665860
874843
1083680
1294940
193100
402262
610600
818780
1027560
1236000
133640
254820
465900
674240
882960
1090960
1299240
196760
405400
614520
822720
1030420
1239240
136840
345740
554020
762740
971120
1179280
76160
284860
493740
703640
912660
1121300
19940
228360
436660
645200
854620
1063140
1271560
169860
378720
586860
795780
1003880
1212820
111160
319820
528780
736980
945900
1155160
53540
262300
470780
679500
889180
1098280
16940
229420
439820
649200
857020
1065480
1273440
171520
380000
590480
799380
1008560
1217140
114820
324420
533202
742680
951320
1159800
57760
265880
474198
683260
891900
1100860
1100
210320
419660
628560
837020
1046400
1255560
153340
362760
571956
781080
990040
1199400
98120
307300
516080
725060
934360
1143200
41680
250520
459020
667560
876480
1085780
6800
217718
427400
635800
845380
1054620
1263880
162678
371280
580840
789820
999380
1207860
105360
314280
523440
732220
939720
1148440
47000
256760
465460
674840
883240
1093860
1302800
200280
408980
617980
827080
1034780
1244240
142169
351280
560760
769160
978560
1187720
85540
293960
503080
711300
920300
1129620
28040
236680
445980
654580
864440
1000480
1214260
113020
322940
532640
741580
951292
1160860
58120
267200
475980
684540
893080
1101760
520
209300
418180
627240
835260
1046220
1255160
153460
362460
570340
778720
987140
1196036
93840
302320
510600
719200
928380
1136600
34880
243760
451640
660360
868940
1077720
1286220
183920
393140
602060
810960
1020500
1229900
128620
337295
546480
771580
981880
1191220
89780
298720
507920
716900
925640
1133600
31460
239820
448120
656180
863880
1072040
1280640
179340
388540
597220
805720
1014040
1221960
120380
329645
539040
747120
955840
1164940
63320
272380
480840
690329
898220
1106460
4800
214180
423400
632200
841400
1049889
1259760
157560
366940
574880
783040
990480
1198860
96440
304880
513640
749840
959820
1168740
66720
276260
485920
695320
903860
1113180
11880
220780
430240
639120
848340
1057320
1265900
163800
371760
580780
790322
998860
1206760
104840
312900
522120
733480
942680
1151040
49560
258420
467480
677460
885620
1094240
1301660
200120
409180
617700
825660
1034240
1243020
141760
350180
558560
766500
975340
1183020
81780
290100
521860
731520
940040
1148640
47520
255680
464680
673940
882380
1091640
1300720
198200
406800
615820
823740
1032560
1239500
137760
345940
554540
763100
971200
1180660
78240
287140
496120
705050
912655
1121260
19400
228300
437600
647220
856680
1064680
1272940
171420
380038
588180
797460
1006340
1214720
112620
321580
529360
738360
947540
1157160
54520
185540
396920
605900
814940
1024140
1233020
131080
340000
548080
756100
964160
1173780
72300
281240
489520
698840
908200
1117440
16080
224700
433180
641120
848760
1057380
1265500
163780
372020
580580
789160
997520
1205400
103300
311615
520280
728060
935960
1144060
42060
250560
458620
666360
875440
1083620
1292280
192160
401380
609640
818200
1026620
1257600
160300
370280
579260
787480
996198
1205626
102740
310940
519780
728120
936740
1145400
43760
252100
460240
668660
877000
1085680
1294600
193140
403040
612080
820700
1029580
1237820
136240
344820
553840
761980
971360
1181200
79620
288860
497380
706580
916160
1125240
23540
232260
441140
649920
859420
1068700
1277680
175700
383960
592340
801680
1010180
1241080
139700
349120
557520
765780
974760
1182320
78720
286060
494460
702000
910420
1118260
15920
223220
432120
640720
849260
1058520
1266500
163960
373440
581460
789460
998160
1207080
104960
313540
521940
730620
938580
1147780
45638
252980
460960
669840
878642
1087120
1295860
193260
401500
609980
818500
1026940
1235520
133000
342020
550280
759640
895040
1104760
2980
211620
420680
630460
838980
1046980
1255440
152680
361644
31060
246460
459860
671980
883040
1093880
1303000
199862
410260
619700
828960
1037920
1247820
148300
357500
566260
775840
984350
1194640
92260
300740
510400
719100
930460
1139300
38380
248135
456720
666340
879820
1088640
1297280
195020
403840
612940
845860
1058358
1267480
166260
374880
583200
791818
1000420
1208780
108340
317238
525900
735600
943800
1152420
50740
259600
468500
678260
886800
1095940
1304780
201520
410100
618720
827640
1035500
1244280
143580
351960
560260
769600
978080
1186620
84940
292980
501060
710160
918380
1129280
27280
235780
444820
653140
861840
1071380
1280820
178680
387220
507797
717720
927100
1138740
37880
245620
454560
663920
872840
1081080
1290440
188960
397300
606580
815920
1025200
1234720
135060
344660
553500
762180
971080
1180120
78900
287920
497500
706920
916400
1124460
23602
232520
441740
650340
861980
1071720
1280760
178620
387660
596660
805800
1013620
1221220
118540
327820
537040
745380
953860
1163680
63180
291975
502680
714175
923160
1132060
29908
239560
448860
658360
867340
1075720
1283960
181920
389520
598100
805900
1014200
1222960
120780
330180
539160
747660
959580
1168460
65920
274802
482900
691040
899140
1107080
5180
213300
422080
630320
838200
1047120
1255120
153560
362380
571540
780266
987540
1196640
94860
305080
513880
722460
929960
1137700
36020
267240
477780
686640
895820
1105300
3740
212220
420860
629260
836900
1045580
1253540
152100
360300
569320
777900
986720
1195460
93680
301946
512380
721820
931040
1139320
37500
246180
455520
664280
872562
1080540
1289620
187320
395780
604640
812560
1021140
1229220
127340
336340
545200
753920
962300
1170400
68460
277560
486280
694756
903447
1114940
1219040
119260
327220
535140
744740
952780
1161040
58620
266200
474600
683380
892800
1101180
1308775
207060
415880
624840
833840
1043520
1251798
148600
357400
565520
774520
983820
1193360
91280
300120
508800
716580
926560
1136760
35760
244100
452480
660820
870220
1079400
1288460
186720
395420
604180
812140
1020940
1229360
128280
337200
545600
754920
963100
1199060
97700
307360
516420
724640
932880
1140660
38820
247600
455820
664480
872080
1080320
1288800
186000
393820
602160
812700
1021360
1230800
128260
337440
547140
755660
964320
1172720
70180
278860
487360
695920
904660
1112880
10680
218942
427760
635580
842860
1050880
1259700
158060
366620
575820
784140
991840
1201480
98900
307700
516040
724380
839680
1050360
1260560
158580
367700
576840
785420
994020
1202100
101960
311140
519440
727640
936500
1145760
44020
252738
461440
669840
878500
1087360
1296140
194960
403880
612780
820720
1029040
1238360
137740
347040
556420
766140
974960
1182780
81260
290280
499180
708320
916620
1125220
23260
232060
440666
649140
858160
1066060
1275000
173370
382740
613540
825100
1034320
1242940
140540
348980
560240
768780
977280
1186300
83980
292960
502300
711060
920120
1129820
26880
234840
443920
652180
860482
1067740
1276140
175220
385720
594841
802760
1011698
1219680
118720
327540
535820
744160
952340
1161440
59100
268000
477500
685760
895760
1104260
2260
211340
420680
629300
838140
1046380
1254900
152240
361220
593720
803100
1012600
1221180
119480
327920
538020
749240
958960
1167820
65840
274740
483720
692840
901840
1111460
9880
218500
426720
635520
845000
1054500
1262620
161120
369558
578700
786660
995300
1204980
103720
312880
521700
729400
938000
1147300
44600
252560
461420
669640
878980
1087280
1295700
192700
401560
610460
818880
1027580
1236840
134260
241540
451375
659920
869420
1078400
1287620
185860
394880
605000
814200
1022820
1231580
129380
338920
548100
757780
969140
1178740
77169
286060
495480
704240
913200
1122400
20060
227720
436040
644420
852340
1061680
1270160
168600
376320
584520
793300
1000280
1209100
106440
313520
522460
731640
941140
1149760
48540
256140
465160
672960
882240
1091020
11840
223800
432500
640980
849700
1058740
1267820
165900
488700
704100
914320
1124240
22400
231280
439860
649020
857840
1066860
1276540
175040
384100
592300
801120
1009020
1218560
116660
325220
533894
742020
951260
1159240
58500
269260
477480
686120
894728
1103140
560
208660
416980
625240
834220
1042778
1251780
149220
357820
566980
775340
984160
1162280
61720
270680
479140
687780
895900
1103840
620
210040
418720
627760
836080
1044380
1252640
150120
358722
566460
774980
982900
1191804
89200
298040
506200
